0,10
1,10
2,10
3,10
4,10
5,10
6,10
7,10
8,10
9,10
10,10
11,10
12,10
13,10
14,10
15,10
16,10
17,10
18,10
19,10
20,10
21,10
22,10
23,10
24,10
25,10
26,10
27,10
28,10
29,10
30,10
31,10
32,10
33,10
34,10
35,10
36,10
37,10
38,10
39,10
40,10
41,10
42,10
43,10
44,10
45,10
46,10
47,10
48,10
49,10
50,10
51,10
52,10
53,10
54,10
55,10
56,10
57,10
58,10
59,10
60,10
61,10
62,10
63,10
64,10
65,10
66,10
67,10
68,10
69,10
70,10
71,10
72,10
73,10
74,10
75,10
76,10
77,10
78,10
79,10
80,10
81,10
82,10
83,10
84,10
85,10
86,10
87,10
88,10
89,10
90,10
91,10
92,10
93,10
94,10
95,10
96,10
97,10
98,10
99,10
100,10
101,10
102,10
103,10
104,10
105,10
106,10
107,10
108,10
109,10
110,10
111,10
112,10
113,10
114,10
115,10
116,10
117,10
118,10
119,10
120,10
121,10
122,10
123,10
124,10
125,10
126,10
127,10
128,10
129,10
130,10
131,10
132,10
133,10
134,10
135,10
136,10
137,10
138,10
139,10
140,10
141,10
142,10
143,10
144,9
145,9
146,9
147,9
148,9
149,9
150,9
151,9
152,9
153,9
154,9
155,9
156,9
157,9
158,9
159,9
160,9
161,9
162,9
163,9
164,9
165,8
166,8
167,8
168,8
169,8
170,8
171,8
172,8
173,8
174,8
175,8
176,8
177,8
178,8
179,8
180,8
181,8
182,8
183,8
184,8
185,8
186,8
187,8
188,8
189,8
190,8
191,8
192,8
193,8
194,8
195,8
196,8
197,8
198,8
199,8
200,8
201,8
202,8
203,8
204,8
205,8
206,7
207,7
208,7
209,7
210,7
211,7
212,7
213,7
214,7
215,7
216,7
217,7
218,7
219,7
220,7
221,7
222,7
223,7
224,7
225,7
226,7
227,7
228,7
229,7
230,7
231,7
232,6
233,6
234,6
235,6
236,6
237,6
238,6
239,6
240,6
241,6
242,6
243,6
244,6
245,6
246,6
247,6
248,6
249,6
250,6
251,6
252,6
253,6
254,6
255,6
256,6
257,6
258,6
259,6
260,6
261,6
262,6
263,6
264,6
265,6
266,6
267,6
268,6
269,6
270,6
271,6
272,6
273,6
274,6
275,6
276,6
277,6
278,6
279,6
280,6
281,6
282,6
283,6
284,6
285,6
286,6
287,6
288,6
289,6
290,6
291,6
292,6
293,6
294,6
295,5
296,4
297,4
298,4
299,4
300,4
301,4
302,4
303,4
304,4
305,4
306,4
307,4
308,4
309,4
310,4
311,2
312,2
313,2
314,2
315,2
316,2
317,2
318,2
319,2
320,2
321,2
322,2
323,2
324,2
325,2
326,2
327,2
328,2
329,2
330,2
331,2
332,2
333,2
334,2
335,2
336,2
337,2
338,2
339,2
340,2
341,2
342,2
343,2
344,2
345,2
346,2
347,2
348,2
349,2
350,2
351,2
352,2
353,2
354,2
355,2
356,2
357,2
358,2
359,2
360,2
361,2
362,2
363,2
364,2
365,2
366,2
367,2
368,2
369,2
370,2
371,2
372,2
373,2
374,2
375,2
376,2
377,2
378,2
379,2
380,2
381,2
382,2
383,2
384,2
385,2
386,2
387,2
388,2
389,2
390,2
391,2
392,2
393,2
394,2
395,2
396,2
397,2
398,2
399,2
400,2
401,2
402,2
403,2
404,2
405,2
406,2
407,2
408,2
409,2
410,2
411,2
412,2
413,2
414,2
415,2
416,2
417,2
418,2
419,2
420,2
421,2
422,2
423,2
424,2
425,2
426,2
427,2
428,2
429,2
430,2
431,2
432,2
433,2
434,2
435,2
436,2
437,2
438,2
439,2
440,2
441,2
442,2
443,2
444,2
445,2
446,2
447,2
448,2
449,2
450,2
451,2
452,2
453,2
454,2
455,2
456,2
457,2
458,2
459,2
460,2
461,2
462,2
463,2
464,2
465,2
466,2
467,2
468,2
469,2
470,2
471,2
472,2
473,2
474,2
475,2
476,2
477,2
478,2
479,2
480,2
481,2
482,2
483,2
484,2
485,2
486,2
487,2
488,2
489,2
490,2
491,2
492,2
493,2
494,2
495,2
496,2
497,2
498,2
499,2
500,2
501,2
502,2
503,2
504,2
505,2
506,2
507,2
508,2
509,2
510,2
511,2
512,2
513,2
514,2
515,2
516,2
517,2
518,2
519,2
520,2
521,2
522,2
523,2
524,2
525,2
526,2
527,2
528,2
529,2
530,2
531,2
532,2
533,2
534,2
535,2
536,2
537,2
538,2
539,2
540,2
541,2
542,2
543,2
544,2
545,2
546,2
547,2
548,2
549,2
550,2
551,2
552,2
553,2
554,2
555,2
556,2
557,2
558,2
559,2
560,2
561,2
562,2
563,2
564,2
565,2
566,2
567,2
568,2
569,3
570,3
571,3
572,3
573,3
574,3
575,3
576,3
577,3
578,3
579,3
580,3
581,3
582,3
583,3
584,3
585,3
586,3
587,3
588,3
589,3
590,3
591,3
592,3
593,3
594,3
595,3
596,3
597,3
598,3
599,3
600,3
601,3
602,3
603,3
604,3
605,3
606,3
607,3
608,3
609,3
610,3
611,3
612,3
613,3
614,3
615,3
616,3
617,3
618,3
619,3
620,3
621,3
622,3
623,3
624,3
625,3
626,3
627,3
628,3
629,3
630,3
631,3
632,3
633,3
634,3
635,3
636,3
637,3
638,3
639,3
640,3
641,3
642,3
643,3
644,3
645,3
646,3
647,3
648,3
649,3
650,3
651,3
652,3
653,3
654,3
655,3
656,3
657,3
658,3
659,3
660,3
661,3
662,3
663,3
664,3
665,3
666,3
667,3
668,3
669,3
670,3
671,3
672,3
673,3
674,3
675,3
676,3
677,3
678,3
679,3
680,3
681,3
682,3
683,3
684,3
685,3
686,3
687,3
688,3
689,3
690,3
691,3
692,3
693,3
694,3
695,3
696,3
697,3
698,3
699,3
700,3
701,3
702,3
703,3
704,3
705,3
706,3
707,3
708,3
709,3
710,3
711,3
712,3
713,3
714,3
715,3
716,3
717,3
718,3
719,3
720,3
721,3
722,3
723,3
724,3
725,3
726,3
727,3
728,3
729,3
730,3
731,3
732,3
733,3
734,3
735,3
736,3
737,3
738,3
739,3
740,3
741,3
742,3
743,3
744,3
745,3
746,3
747,3
748,3
749,3
750,3
751,3
752,3
753,3
754,3
755,3
756,3
757,3
758,3
759,3
760,3
761,3
762,3
763,3
764,3
765,3
766,3
767,3
768,3
769,3
770,3
771,3
772,3
773,3
774,3
775,3
776,3
777,3
778,3
779,3
780,3
781,3
782,3
783,3
784,3
785,3
786,3
787,3
788,3
789,3
790,3
791,3
792,3
793,3
794,3
795,3
796,3
797,3
798,3
799,3
800,3
801,3
802,3
803,3
804,3
805,3
806,3
807,3
808,3
809,3
810,2
811,2
812,2
813,2
814,2
815,2
816,2
817,2
818,2
819,2
820,2
821,2
822,2
823,2
824,2
825,2
826,2
827,2
828,2
829,2
830,2
831,2
832,2
833,2
834,2
835,2
836,2
837,2
838,2
839,2
840,2
841,2
842,2
843,2
844,2
845,2
846,2
847,2
848,2
849,2
850,2
851,2
852,2
853,2
854,2
855,2
856,2
857,2
858,2
859,2
860,2
861,2
862,2
863,2
864,2
865,2
866,2
867,2
868,2
869,2
870,2
871,2
872,2
873,2
874,2
875,2
876,2
877,2
878,2
879,2
880,2
881,2
882,2
883,2
884,2
885,2
886,2
887,2
888,2
889,2
890,2
891,2
892,2
893,2
894,2
895,2
896,2
897,2
898,2
899,2
900,3
901,3
902,3
903,3
904,3
905,3
906,3
907,3
908,3
909,3
910,3
911,3
912,3
913,3
914,4
915,4
916,4
917,4
918,4
919,4
920,4
921,4
922,4
923,4
924,4
925,4
926,5
927,5
928,5
929,5
930,5
931,5
932,5
933,5
934,5
935,5
936,5
937,5
938,5
939,5
940,5
941,5
942,5
943,4
944,3
945,3
946,3
947,3
948,3
949,3
950,3
951,3
952,3
953,3
954,3
955,3
956,3
957,3
958,3
959,3
960,3
961,3
962,3
963,3
964,3
965,3
966,3
967,3
968,3
969,3
970,3
971,3
972,3
973,3
974,3
975,3
976,3
977,3
978,3
979,3
980,3
981,3
982,3
983,3
984,3
985,3
986,3
987,3
988,3
989,3
990,3
991,3
992,3
993,3
994,3
995,3
996,3
997,3
998,3
999,3
1000,3
1001,3
1002,3
1003,3
1004,3
1005,3
1006,3
1007,3
1008,3
1009,3
1010,3
1011,3
1012,3
1013,3
1014,3
1015,3
1016,3
1017,3
1018,3
1019,3
1020,3
1021,3
1022,3
1023,3
1024,3
1025,3
1026,3
1027,3
1028,3
1029,3
1030,3
1031,3
1032,3
1033,3
1034,3
1035,3
1036,3
1037,3
1038,3
1039,3
1040,3
1041,3
1042,3
1043,3
1044,3
1045,3
1046,3
1047,3
1048,4
1049,4
1050,4
1051,4
1052,4
1053,4
1054,4
1055,4
1056,4
1057,4
1058,4
1059,4
1060,4
1061,4
1062,4
1063,3
1064,3
1065,3
1066,3
1067,3
1068,3
1069,3
1070,3
1071,3
1072,3
1073,3
1074,3
1075,3
1076,3
1077,3
1078,3
1079,3
1080,3
1081,3
1082,3
1083,3
1084,3
1085,3
1086,3
1087,3
1088,3
1089,3
1090,3
1091,3
1092,3
1093,3
1094,3
1095,3
1096,3
1097,3
1098,3
1099,3
1100,3
1101,3
1102,3
1103,3
1104,3
1105,3
1106,3
1107,3
1108,3
1109,3
1110,3
1111,3
1112,3
1113,3
1114,3
1115,3
1116,3
1117,3
1118,3
1119,3
1120,3
1121,3
1122,3
1123,3
1124,3
1125,3
1126,3
1127,2
1128,2
1129,2
1130,2
1131,2
1132,2
1133,2
1134,2
1135,2
1136,2
1137,2
1138,2
1139,2
1140,2
1141,2
1142,2
1143,2
1144,2
1145,2
1146,2
1147,2
1148,2
1149,2
1150,2
1151,2
1152,2
1153,2
1154,2
1155,2
1156,2
1157,2
1158,2
1159,2
1160,2
1161,2
1162,2
1163,2
1164,3
1165,3
1166,3
1167,3
1168,3
1169,3
1170,3
1171,3
1172,3
1173,3
1174,2
1175,2
1176,2
1177,2
1178,2
1179,2
1180,2
1181,2
1182,2
1183,2
1184,2
1185,2
1186,2
1187,2
1188,2
1189,2
1190,2
1191,2
1192,2
1193,2
1194,2
1195,2
1196,2
1197,2
1198,2
1199,2
1200,2
1201,2
1202,2
1203,2
1204,2
1205,2
1206,2
1207,2
1208,2
1209,2
1210,2
1211,2
1212,2
1213,2
1214,2
1215,3
1216,3
1217,3
1218,3
1219,3
1220,3
1221,3
1222,3
1223,3
1224,3
1225,3
1226,3
1227,3
1228,3
1229,3
1230,3
1231,3
1232,3
1233,3
1234,3
1235,3
1236,3
1237,3
1238,3
1239,3
1240,3
1241,3
1242,3
1243,3
1244,3
1245,3
1246,3
1247,3
1248,3
1249,3
1250,3
1251,3
1252,3
1253,3
1254,3
1255,3
1256,3
1257,3
1258,3
1259,3
1260,3
1261,3
1262,3
1263,3
1264,3
1265,3
1266,3
1267,3
1268,3
1269,3
1270,3
1271,3
1272,3
1273,3
1274,3
1275,3
1276,3
1277,3
1278,3
1279,3
1280,3
1281,3
1282,3
1283,3
1284,3
1285,3
1286,3
1287,3
1288,3
1289,3
1290,3
1291,3
1292,3
1293,3
1294,3
1295,3
1296,3
1297,3
1298,3
1299,3
1300,3
1301,3
1302,3
1303,3
1304,3
1305,3
1306,3
1307,3
1308,3
1309,3
1310,3
1311,3
1312,3
1313,3
1314,3
1315,3
1316,3
1317,3
1318,3
1319,3
1320,3
1321,3
1322,3
1323,3
1324,3
1325,3
1326,3
1327,3
1328,3
1329,3
1330,3
1331,3
1332,3
1333,3
1334,3
1335,3
1336,3
1337,3
1338,3
1339,3
1340,3
1341,3
1342,3
1343,3
1344,3
1345,3
1346,3
1347,3
1348,3
1349,3
1350,3
1351,3
1352,3
1353,3
1354,3
1355,3
1356,3
1357,3
1358,3
1359,3
1360,3
1361,3
1362,3
1363,3
1364,3
1365,3
1366,3
1367,3
1368,3
1369,3
1370,4
1371,4
1372,4
1373,4
1374,4
1375,4
1376,4
1377,4
1378,4
1379,4
1380,4
1381,4
1382,4
1383,4
1384,4
1385,4
1386,4
1387,4
1388,4
1389,4
1390,4
1391,4
1392,4
1393,4
1394,4
1395,4
1396,4
1397,4
1398,4
1399,4
1400,4
1401,4
1402,4
1403,4
1404,4
1405,4
1406,4
1407,4
1408,4
1409,4
1410,4
1411,4
1412,4
1413,4
1414,4
1415,4
1416,4
1417,4
1418,4
1419,4
1420,4
1421,4
1422,4
1423,4
1424,4
1425,4
1426,4
1427,4
1428,4
1429,4
1430,4
1431,4
1432,4
1433,4
1434,4
1435,4
1436,4
1437,4
1438,1
1439,1
1440,1
1441,1
1442,1
1443,1
1444,1
1445,1
1446,1
1447,1
1448,1
1449,1
1450,1
1451,1
1452,1
1453,1
1454,1
1455,0
1465,0
1466,0
1476,0
1480,0
1502,0
1503,0
1520,0
1521,0
1527,0
1528,0
1540,0
1542,0
1546,0
1547,0
1549,0
1550,0
1551,0
1552,0
1561,1
1562,1
1563,1
1564,1
1565,1
1566,1
1567,1
1568,1
1569,1
1570,1
1571,1
1572,1
1573,1
1574,1
1575,1
1576,1
1577,1
1578,1
1579,1
1580,1
1581,2
1582,2
1583,2
1584,2
1585,2
1586,2
1587,2
1588,2
1589,2
1590,2
1591,2
1592,2
1593,2
1594,2
1595,2
1596,2
1597,2
1598,2
1599,2
1600,2
1601,2
1602,2
1603,2
1604,2
1605,2
1606,2
1607,2
1608,2
1609,2
1610,2
1611,2
1612,2
1613,2
1614,2
1615,2
1616,2
1617,2
1618,2
1619,2
1620,2
1621,2
1622,2
1623,2
1624,2
1625,2
1626,2
1627,2
1628,2
1629,2
1630,2
1631,2
1632,2
1633,2
1634,2
1635,2
1636,2
1637,2
1638,2
1639,2
1640,2
1641,2
1642,2
1643,2
1644,2
1645,2
1646,2
1647,2
1648,2
1649,2
1650,2
1651,2
1652,2
1653,2
1654,2
1655,2
1656,2
1657,2
1658,2
1659,2
1660,2
1661,2
1662,2
1663,2
1664,2
1665,2
1666,2
1667,2
1668,2
1669,2
1670,2
1671,2
1672,2
1673,2
1674,2
1675,2
1676,2
1677,2
1678,2
1679,2
1680,2
1681,2
1682,2
1683,2
1684,2
1685,2
1686,2
1687,2
1688,2
1689,2
1690,2
1691,2
1692,2
1693,2
1694,2
1695,2
1696,2
1697,2
1698,2
1699,2
1700,2
1701,2
1702,2
1703,2
1704,2
1705,2
1706,2
1707,2
1708,2
1709,2
1710,2
1711,2
1712,2
1713,2
1714,2
1715,2
1716,2
1717,2
1718,2
1719,2
1720,2
1721,2
1722,2
1723,2
1724,2
1725,2
1726,2
1727,2
1728,2
1729,2
1730,2
1731,2
1732,2
1733,2
1734,2
1735,2
1736,2
1737,2
1738,2
1739,2
1740,2
1741,2
1742,2
1743,2
1744,2
1745,2
1746,2
1747,2
1748,2
1749,2
1750,2
1751,2
1752,2
1753,2
1754,2
1755,2
1756,2
1757,2
1758,2
1759,2
1760,2
1761,2
1762,2
1763,2
1764,2
1765,2
1766,2
1767,2
1768,2
1769,2
1770,2
1771,2
1772,2
1773,2
1774,2
1775,2
1776,2
1777,2
1778,2
1779,2
1780,2
1781,2
1782,2
1783,2
1784,2
1785,2
1786,2
1787,2
1788,2
1789,2
1790,2
1791,2
1792,2
1793,2
1794,2
1795,2
1796,2
1797,2
1798,2
1799,2
1800,2
1801,2
1802,2
1803,2
1804,2
1805,2
1806,2
1807,2
1808,2
1809,2
1810,2
1811,2
1812,2
1813,2
1814,2
1815,2
1816,2
1817,2
1818,2
1819,2
1820,2
1821,2
1822,2
1823,2
1824,2
1825,2
1826,2
1827,2
1828,2
1829,2
1830,2
1831,2
1832,2
1833,2
1834,2
1835,2
1836,2
1837,2
1838,2
1839,1
1840,1
1841,1
1842,1
1843,1
1844,1
1845,1
1846,1
1847,1
1848,1
1849,1
1850,1
1851,1
1852,1
1853,1
1854,1
1855,1
1856,1
1857,1
1858,1
1859,1
1860,1
1861,1
1862,1
1863,1
1864,1
1865,1
1866,1
1867,1
1868,1
1869,1
1870,1
1871,1
1872,1
1873,1
1874,1
1875,1
1876,1
1877,1
1878,1
1879,1
1880,1
1881,1
1882,1
1883,1
1884,1
1885,1
1886,1
1887,1
1888,1
1889,2
1891,2
1892,2
1893,2
1894,2
1895,2
1896,2
1897,2
1898,2
1899,2
1900,2
1901,2
1902,2
1903,2
1904,2
1905,2
1906,2
1907,2
1908,2
1909,2
1910,2
1911,2
1912,2
1913,2
1914,3
1915,4
1916,4
1917,3
1918,3
1919,3
1920,3
1921,3
1922,3
1923,3
1924,3
1925,3
1926,3
1927,3
1928,3
1929,3
1930,3
1931,3
1932,4
1933,4
1934,4
1935,4
1936,4
1937,4
1938,4
1939,4
1940,4
1941,5
1942,5
1943,5
1944,5
1945,5
1946,5
1947,5
1948,5
1949,5
1950,5
1951,5
1952,5
1953,5
1954,5
1955,5
1956,5
1957,5
1958,5
1959,5
1960,5
1961,5
1962,5
1963,5
1964,5
1965,5
1966,5
1967,5
1968,5
1969,5
1970,5
1971,5
1972,5
1973,5
1974,5
1975,5
1976,5
1977,5
1978,5
1979,5
1980,5
1981,5
1982,5
1983,5
1984,5
1985,5
1986,5
1987,5
1988,5
1989,5
1990,5
1991,5
1992,6
1993,6
1994,6
1995,6
1996,6
1997,6
1998,6
1999,6
2000,6
2001,6
2002,6
2003,6
2004,6
2005,6
2006,6
2007,6
2008,6
2009,6
2010,6
2011,6
2012,6
2013,6
2014,6
2015,6
2016,6
2017,6
2018,6
2019,6
2020,6
2021,6
2022,6
2023,6
2024,6
2025,6
2026,6
2027,6
2028,6
2029,6
2030,6
2031,6
2032,6
2033,6
2034,6
2035,6
2036,6
2037,6
2038,6
2039,6
2040,6
2041,6
2042,6
2043,6
2044,6
2045,6
2046,6
2047,6
2048,6
2049,6
2050,6
2051,6
2052,6
2053,6
2054,6
2055,6
2056,6
2057,6
2058,6
2059,6
2060,6
2061,6
2062,6
2063,6
2064,6
2065,6
2066,6
2067,6
2068,6
2069,6
2070,6
2071,6
2072,6
2073,6
2074,6
2075,6
2076,6
2077,6
2078,6
2079,6
2080,6
2081,6
2082,6
2083,6
2084,6
2085,6
2086,6
2087,6
2088,6
2089,6
2090,6
2091,6
2092,6
2093,6
2094,6
2095,6
2096,6
2097,6
2098,6
2099,6
2100,6
2101,6
2102,6
2103,6
2104,6
2105,6
2106,6
2107,6
2108,5
2109,5
2110,5
2111,5
2112,5
2113,5
2114,5
2115,5
2116,5
2117,5
2118,5
2119,5
2120,5
2121,5
2122,5
2123,5
2124,5
2125,5
2126,5
2127,5
2128,5
2129,5
2130,5
2131,5
2132,5
2133,5
2134,4
2135,4
2136,4
2137,4
2138,4
2139,4
2140,4
2141,4
2142,4
2143,4
2144,4
2145,4
2146,4
2147,4
2148,4
2149,4
2150,4
2151,4
2152,4
2153,4
2154,4
2155,4
2156,4
2157,4
2158,4
2159,4
2160,4
2161,4
2162,4
2163,4
2164,4
2165,4
2166,4
2167,4
2168,4
2169,4
2170,4
2171,4
2172,4
2173,4
2174,4
2175,4
2176,4
2177,4
2178,4
2179,4
2180,4
2181,4
2182,4
2183,4
2184,4
2185,4
2186,4
2187,4
2188,4
2189,4
2190,4
2191,4
2192,4
2193,4
2194,4
2195,4
2196,4
2197,4
2198,4
2199,4
2200,4
2201,4
2202,4
2203,4
2204,4
2205,4
2206,4
2207,4
2208,4
2209,4
2210,4
2211,4
2212,4
2213,4
2214,4
2215,4
2216,4
2217,4
2218,4
2219,4
2220,4
2221,4
2222,4
2223,4
2224,4
2225,4
2226,4
2227,4
2228,4
2229,4
2230,4
2231,4
2232,4
2233,4
2234,4
2235,4
2236,4
2237,4
2238,4
2239,4
2240,4
2241,4
2242,4
2243,4
2244,4
2245,4
2246,4
2247,4
2248,4
2249,4
2250,4
2251,4
2252,4
2253,4
2254,4
2255,4
2256,4
2257,4
2258,4
2259,4
2260,4
2261,4
2262,4
2263,4
2264,4
2265,4
2266,4
2267,4
2268,4
2269,4
2270,4
2271,4
2272,4
2273,4
2274,4
2275,4
2276,5
2277,5
2278,5
2279,5
2280,5
2281,5
2282,5
2283,5
2284,5
2285,5
2286,5
2287,5
2288,5
2289,5
2290,5
2291,5
2292,5
2293,5
2294,5
2295,5
2296,5
2297,5
2298,5
2299,5
2300,5
2301,5
2302,5
2303,5
2304,5
2305,5
2306,5
2307,5
2308,5
2309,5
2310,5
2311,5
2312,5
2313,5
2314,5
2315,5
2316,5
2317,5
2318,4
2319,4
2320,3
2321,3
2322,3
2323,3
2324,3
2325,3
2326,3
2327,3
2328,3
2329,3
2330,3
2331,3
2332,3
2333,3
2334,3
2335,3
2336,2
2337,2
2338,2
2339,2
2340,3
2341,5
2342,5
2343,5
2344,5
2345,5
2346,5
2347,5
2348,5
2349,5
2350,5
2351,5
2352,5
2353,5
2354,5
2355,5
2356,5
2357,5
2358,5
2359,5
2360,5
2361,5
2362,5
2363,5
2364,5
2365,5
2366,5
2367,5
2368,5
2369,5
2370,5
2371,5
2372,5
2373,5
2374,5
2375,5
2376,5
2377,5
2378,5
2379,5
2380,5
2381,5
2382,5
2383,5
2384,5
2385,5
2386,5
2387,6
2388,6
2389,6
2390,6
2391,6
2392,6
2393,6
2394,6
2395,6
2396,6
2397,6
2398,6
2399,6
2400,6
2401,6
2402,6
2403,6
2404,6
2405,6
2406,6
2407,6
2408,6
2409,6
2410,6
2411,6
2412,6
2413,6
2414,6
2415,6
2416,6
2417,6
2418,6
2419,6
2420,6
2421,6
2422,6
2423,6
2424,6
2425,6
2426,6
2427,6
2428,6
2429,6
2430,6
2431,6
2432,6
2433,6
2434,6
2435,6
2436,6
2437,6
2438,6
2439,6
2440,6
2441,6
2442,6
2443,6
2444,6
2445,6
2446,6
2447,6
2448,6
2449,6
2450,6
2451,6
2452,6
2453,6
2454,6
2455,6
2456,6
2457,6
2458,6
2459,6
2460,6
2461,6
2462,6
2463,6
2464,6
2465,6
2466,6
2467,6
2468,7
2469,7
2470,7
2471,7
2472,7
2473,7
2474,7
2475,7
2476,7
2477,7
2478,7
2479,7
2480,7
2481,7
2482,7
2483,7
2484,7
2485,7
2486,7
2487,7
2488,8
2489,8
2490,8
2491,8
2492,8
2493,8
2494,8
2495,8
2496,8
2497,8
2498,8
2499,8
2500,8
2501,8
2502,8
2503,8
2504,8
2505,8
2506,8
2507,8
2508,8
2509,8
2510,8
2511,8
2512,8
2513,8
2514,8
2515,8
2516,8
2517,8
2518,8
2519,8
2520,8
2521,8
2522,8
2523,8
2524,8
2525,8
2526,8
2527,8
2528,8
2529,8
2530,8
2531,8
2532,8
2533,8
2534,8
2535,8
2536,8
2537,8
2538,8
2539,8
2540,8
2541,8
2542,8
2543,8
2544,8
2545,8
2546,8
2547,8
2548,8
2549,8
2550,8
2551,8
2552,8
2553,8
2554,8
2555,8
2556,8
2557,8
2558,8
2559,8
2560,8
2561,8
2562,8
2563,8
2564,8
2565,8
2566,8
2567,8
2568,8
2569,8
2570,8
2571,8
2572,8
2573,8
2574,8
2575,8
2576,8
2577,8
2578,8
2579,8
2580,8
2581,8
2582,8
2583,8
2584,8
2585,8
2586,8
2587,8
2588,8
2589,8
2590,8
2591,8
2592,8
2593,8
2594,8
2595,8
2596,8
2597,8
2598,8
2599,8
2600,8
2601,8
2602,8
2603,8
2604,8
2605,8
2606,8
2607,8
2608,8
2609,8
2610,8
2611,8
2612,8
2613,8
2614,8
2615,8
2616,8
2617,8
2618,8
2619,8
2620,8
2621,8
2622,8
2623,8
2624,8
2625,8
2626,8
2627,8
2628,8
2629,8
2630,8
2631,8
2632,8
2633,8
2634,8
2635,8
2636,8
2637,8
2638,8
2639,8
2640,8
2641,8
2642,8
2643,8
2644,8
2645,8
2646,8
2647,8
2648,8
2649,8
2650,8
2651,8
2652,8
2653,8
2654,8
2655,8
2656,8
2657,8
2658,8
2659,8
2660,8
2661,8
2662,8
2663,8
2664,8
2665,8
2666,8
2667,8
2668,8
2669,8
2670,8
2671,8
2672,8
2673,8
2674,8
2675,8
2676,9
2677,9
2678,9
2679,9
2680,9
2681,9
2682,9
2683,9
2684,9
2685,9
2686,9
2687,9
2688,9
2689,9
2690,9
2691,9
2692,9
2693,9
2694,9
2695,9
2696,9
2697,9
2698,9
2699,9
2700,9
2701,9
2702,9
2703,9
2704,9
2705,9
2706,9
2707,9
2708,9
2709,9
2710,9
2711,9
2712,9
2713,9
2714,9
2715,9
2716,9
2717,9
2718,9
2719,9
2720,9
2721,9
2722,9
2723,9
2724,9
2725,9
2726,9
2727,9
2728,9
2729,9
2730,9
2731,9
2732,9
2733,9
2734,9
2735,9
2736,9
2737,9
2738,9
2739,9
2740,9
2741,9
2742,9
2743,9
2744,8
2745,8
2746,8
2747,8
2748,8
2749,8
2750,8
2751,8
2752,8
2753,8
2754,8
2755,8
2756,8
2757,8
2758,8
2759,8
2760,7
2761,7
2762,7
2763,7
2764,7
2765,7
2766,7
2767,7
2768,7
2769,7
2770,7
2771,7
2772,7
2773,7
2774,7
2775,7
2776,7
2777,7
2778,7
2779,7
2780,7
2781,7
2782,7
2783,7
2784,7
2785,7
2786,7
2787,7
2788,7
2789,7
2790,7
2791,7
2792,7
2793,7
2794,7
2795,8
2796,8
2797,8
2798,8
2799,8
2800,8
2801,8
2802,8
2803,8
2804,8
2805,8
2806,8
2807,8
2808,8
2809,8
2810,9
2811,9
2812,9
2813,9
2814,9
2815,9
2816,9
2817,9
2818,9
2819,9
2820,9
2821,9
2822,9
2823,9
2824,9
2825,9
2826,9
2827,9
2828,9
2829,9
2830,9
2831,9
2832,9
2833,9
2834,9
2835,9
2836,9
2837,9
2838,9
2839,9
2840,9
2841,9
2842,9
2843,10
2844,10
2845,13
2846,13
2847,13
2848,13
2849,13
2850,13
2851,13
2852,13
2853,13
2854,13
2855,13
2856,12
2857,11
2858,11
2859,11
2860,11
2861,10
2862,10
2863,10
2864,10
2865,10
2866,10
2867,10
2868,10
2869,10
2870,9
2871,9
2872,9
2873,9
2874,9
2875,9
2876,9
2877,9
2878,9
2879,9
2880,9
2881,9
2882,9
2883,9
2884,9
2885,9
2886,9
2887,9
2888,9
2889,9
2890,9
2891,9
2892,9
2893,9
2894,9
2895,9
2896,9
2897,9
2898,9
2899,9
2900,9
2901,9
2902,9
2903,9
2904,9
2905,9
2906,9
2907,9
2908,9
2909,9
2910,9
2911,10
2912,11
2913,11
2914,11
2915,11
2916,11
2917,11
2918,11
2919,11
2920,11
2921,11
2922,11
2923,11
2924,11
2925,11
2926,11
2927,11
2928,11
2929,11
2930,11
2931,11
2932,11
2933,11
2934,11
2935,11
2936,11
2937,11
2938,11
2939,11
2940,11
2941,11
2942,11
2943,11
2944,11
2945,13
2946,13
2947,13
2948,13
2949,13
2950,13
2951,13
2952,13
2953,13
2954,13
2955,13
2956,13
2957,13
2958,13
2959,13
2960,13
2961,13
2962,13
2963,13
2964,13
2965,13
2966,13
2967,13
2968,13
2969,13
2970,13
2971,13
2972,13
2973,13
2974,13
2975,13
2976,13
2977,13
2978,13
2979,13
2980,13
2981,13
2982,13
2983,13
2984,13
2985,13
2986,13
2987,13
2988,13
2989,13
2990,13
2991,13
2992,13
2993,16
2994,16
2995,16
2996,16
2997,16
2998,17
2999,17
3000,17
3001,17
3002,17
3003,17
3004,17
3005,17
3006,17
3007,17
3008,17
3009,17
3010,17
3011,16
3012,16
3013,16
3014,16
3015,16
3016,16
3017,16
3018,16
3019,16
3020,16
3021,16
3022,16
3023,16
3024,16
3025,16
3026,17
3027,17
3028,17
3029,17
3030,17
3031,17
3032,17
3033,17
3034,17
3035,17
3036,17
3037,17
3038,17
3039,17
3040,17
3041,17
3042,17
3043,17
3044,17
3045,17
3046,17
3047,17
3048,17
3049,17
3050,17
3051,17
3052,17
3053,17
3054,17
3055,17
3056,17
3057,16
3058,16
3059,16
3060,16
3061,16
3062,16
3063,16
3064,16
3065,16
3066,16
3067,16
3068,16
3069,16
3070,16
3071,16
3072,16
3073,16
3074,16
3075,16
3076,16
3077,16
3078,16
3079,16
3080,16
3081,16
3082,16
3083,16
3084,16
3085,16
3086,16
3087,16
3088,16
3089,16
3090,16
3091,16
3092,16
3093,16
3094,16
3095,16
3096,16
3097,16
3098,16
3099,16
3100,16
3101,16
3102,16
3103,16
3104,16
3105,16
3106,16
3107,16
3108,16
3109,16
3110,16
3111,16
3112,16
3113,16
3114,16
3115,16
3116,16
3117,16
3118,16
3119,16
3120,16
3121,16
3122,16
3123,16
3124,16
3125,16
3126,16
3127,16
3128,16
3129,16
3130,16
3131,16
3132,16
3133,16
3134,16
3135,16
3136,16
3137,16
3138,16
3139,16
3140,16
3141,16
3142,16
3143,16
3144,16
3145,16
3146,16
3147,16
3148,16
3149,16
3150,16
3151,16
3152,16
3153,16
3154,16
3155,16
3156,16
3157,16
3158,16
3159,16
3160,16
3161,16
3162,16
3163,16
3164,16
3165,16
3166,16
3167,16
3168,16
3169,16
3170,16
3171,16
3172,16
3173,16
3174,16
3175,16
3176,15
3177,14
3178,14
3179,14
3180,14
3181,14
3182,14
3183,14
3184,13
3185,13
3186,13
3187,13
3188,13
3189,13
3190,13
3191,13
3192,13
3193,13
3194,13
3195,13
3196,13
3197,13
3198,13
3199,13
3200,13
3201,13
3202,13
3203,13
3204,13
3205,13
3206,13
3207,13
3208,13
3209,13
3210,13
3211,13
3212,13
3213,13
3214,13
3215,13
3216,13
3217,13
3218,13
3219,13
3220,13
3221,13
3222,13
3223,13
3224,13
3225,13
3226,13
3227,13
3228,13
3229,13
3230,13
3231,13
3232,13
3233,13
3234,13
3235,13
3236,13
3237,13
3238,13
3239,13
3240,13
3241,13
3242,13
3243,13
3244,13
3245,13
3246,13
3247,13
3248,13
3249,13
3250,13
3251,13
3252,13
3253,13
3254,13
3255,13
3256,13
3257,13
3258,13
3259,13
3260,13
3261,13
3262,13
3263,13
3264,13
3265,13
3266,13
3267,13
3268,13
3269,13
3270,13
3271,13
3272,13
3273,13
3274,13
3275,13
3276,13
3277,13
3278,13
3279,13
3280,13
3281,13
3282,13
3283,13
3284,13
3285,13
3286,13
3287,13
3288,13
3289,13
3290,13
3291,13
3292,14
3293,14
3294,14
3295,14
3296,14
3297,14
3298,14
3299,14
3300,14
3301,14
3302,14
3303,14
3304,14
3305,14
3306,14
3307,14
3308,14
3309,14
3310,14
3311,14
3312,14
3313,14
3314,14
3315,14
3316,14
3317,14
3318,14
3319,14
3320,14
3321,14
3322,14
3323,14
3324,14
3325,14
3326,14
3327,14
3328,14
3329,14
3330,14
3331,15
3332,15
3333,15
3334,15
3335,15
3336,15
3337,15
3338,15
3339,15
3340,15
3341,15
3342,15
3343,15
3344,16
3345,16
3346,16
3347,16
3348,16
3349,16
3350,16
3351,16
3352,16
3353,16
3354,16
3355,16
3356,16
3357,16
3358,16
3359,16
3360,16
3361,16
3362,16
3363,16
3364,16
3365,16
3366,16
3367,16
3368,16
3369,16
3370,16
3371,16
3372,16
3373,16
3374,16
3375,16
3376,16
3377,16
3378,16
3379,16
3380,16
3381,16
3382,16
3383,16
3384,16
3385,16
3386,16
3387,16
3388,16
3389,16
3390,16
3391,16
3392,17
3393,17
3394,17
3395,17
3396,17
3397,17
3398,17
3399,16
3400,16
3401,16
3402,16
3403,16
3404,15
3405,15
3406,15
3407,15
3408,15
3409,15
3410,15
3411,14
3412,14
3413,14
3414,14
3415,14
3416,14
3417,14
3418,14
3419,14
3420,14
3421,14
3422,14
3423,14
3424,14
3425,14
3426,14
3427,14
3428,14
3429,14
3430,14
3431,14
3432,14
3433,14
3434,14
3435,14
3436,14
3437,14
3438,14
3439,14
3440,14
3441,14
3442,14
3443,14
3444,14
3445,13
3446,12
3447,12
3448,12
3449,12
3450,12
3451,12
3452,12
3453,12
3454,12
3455,12
3456,12
3457,12
3458,12
3459,11
3460,11
3461,11
3462,11
3463,11
3464,11
3465,11
3466,11
3467,11
3468,11
3469,11
3470,11
3471,11
3472,11
3473,11
3474,11
3475,11
3476,11
3477,11
3478,11
3479,11
3480,11
3481,11
3482,11
3483,11
3484,11
3485,11
3486,11
3487,11
3488,11
3489,11
3490,11
3491,11
3492,11
3493,11
3494,11
3495,11
3496,11
3497,12
3498,12
3499,12
3500,12
3501,13
3502,13
3503,13
3504,13
3505,13
3506,13
3507,13
3508,13
3509,13
3510,13
3511,13
3512,13
3513,13
3514,13
3515,13
3516,13
3517,13
3518,13
3519,13
3520,13
3521,13
3522,13
3523,13
3524,13
3525,13
3526,13
3527,13
3528,13
3529,13
3530,13
3531,13
3532,13
3533,13
3534,13
3535,13
3536,13
3537,13
3538,13
3539,13
3540,13
3541,13
3542,13
3543,13
3544,13
3545,13
3546,13
3547,13
3548,13
3549,13
3550,13
3551,13
3552,13
3553,13
3554,13
3555,13
3556,13
3557,14
3558,14
3559,14
3560,14
3561,14
3562,14
3563,14
3564,14
3565,14
3566,14
3567,14
3568,14
3569,14
3570,14
3571,14
3572,14
3573,14
3574,14
3575,14
3576,14
3577,14
3578,14
3579,14
3580,14
3581,14
3582,14
3583,14
3584,14
3585,14
3586,14
3587,14
3588,13
3589,13
3590,13
3591,13
3592,13
3593,13
3594,13
3595,13
3596,13
3597,13
3598,13
3599,13
3600,13
3601,13
3602,14
3603,15
3604,15
3605,15
3606,15
3607,15
3608,15
3609,15
3610,15
3611,15
3612,15
3613,15
3614,15
3615,15
3616,15
3617,15
3618,15
3619,15
3620,15
3621,15
3622,15
3623,15
3624,15
3625,15
3626,15
3627,15
3628,15
3629,15
3630,15
3631,14
3632,13
3633,13
3634,13
3635,13
3636,13
3637,13
3638,13
3639,13
3640,13
3641,13
3642,13
3643,13
3644,13
3645,13
3646,13
3647,12
3648,12
3649,12
3650,12
3651,12
3652,12
3653,13
3654,13
3655,13
3656,13
3657,13
3658,13
3659,13
3660,13
3661,13
3662,13
3663,13
3664,13
3665,13
3666,13
3667,13
3668,13
3669,13
3670,13
3671,13
3672,13
3673,13
3674,13
3675,13
3676,13
3677,13
3678,13
3679,13
3680,13
3681,13
3682,13
3683,13
3684,13
3685,13
3686,13
3687,13
3688,13
3689,13
3690,13
3691,13
3692,13
3693,13
3694,13
3695,13
3696,13
3697,13
3698,13
3699,13
3700,14
3701,14
3702,14
3703,14
3704,14
3705,14
3706,14
3707,14
3708,14
3709,13
3710,13
3711,13
3712,13
3713,13
3714,13
3715,13
3716,13
3717,13
3718,13
3719,13
3720,13
3721,13
3722,13
3723,13
3724,13
3725,13
3726,13
3727,14
3728,14
3729,14
3730,14
3731,14
3732,14
3733,14
3734,14
3735,14
3736,14
3737,14
3738,14
3739,14
3740,14
3741,14
3742,14
3743,14
3744,14
3745,13
3746,13
3747,13
3748,13
3749,13
3750,13
3751,13
3752,13
3753,13
3754,13
3755,13
3756,13
3757,13
3758,13
3759,13
3760,13
3761,13
3762,13
3763,13
3764,13
3765,13
3766,13
3767,13
3768,13
3769,13
3770,13
3771,13
3772,13
3773,13
3774,13
3775,13
3776,13
3777,13
3778,13
3779,13
3780,12
3781,12
3782,12
3783,12
3784,12
3785,13
3786,13
3787,13
3788,13
3789,13
3790,13
3791,13
3792,13
3793,13
3794,13
3795,13
3796,13
3797,13
3798,13
3799,13
3800,13
3801,13
3802,13
3803,13
3804,13
3805,13
3806,13
3807,13
3808,13
3809,13
3810,13
3811,13
3812,13
3813,13
3814,13
3815,13
3816,13
3817,13
3818,13
3819,13
3820,13
3821,13
3822,12
3823,12
3824,12
3825,12
3826,12
3827,12
3828,12
3829,13
3830,13
3831,13
3832,13
3833,13
3834,13
3835,13
3836,13
3837,13
3838,13
3839,13
3840,13
3841,13
3842,13
3843,13
3844,13
3845,13
3846,13
3847,13
3848,13
3849,12
3850,11
3851,11
3852,11
3853,11
3854,11
3855,11
3856,11
3857,11
3858,11
3859,11
3860,11
3861,11
3862,11
3863,11
3864,11
3865,11
3866,11
3867,11
3868,11
3869,11
3870,11
3871,11
3872,11
3873,11
3874,11
3875,11
3876,11
3877,11
3878,11
3879,11
3880,11
3881,11
3882,11
3883,11
3884,11
3885,11
3886,11
3887,11
3888,11
3889,11
3890,11
3891,11
3892,11
3893,11
3894,11
3895,11
3896,11
3897,11
3898,11
3899,11
3900,11
3901,11
3902,11
3903,11
3904,11
3905,11
3906,11
3907,11
3908,11
3909,11
3910,11
3911,11
3912,11
3913,11
3914,11
3915,11
3916,11
3917,11
3918,11
3919,11
3920,11
3921,11
3922,11
3923,11
3924,11
3925,11
3926,11
3927,11
3928,11
3929,11
3930,11
3931,11
3932,11
3933,11
3934,11
3935,12
3936,12
3937,12
3938,12
3939,12
3940,12
3941,12
3942,12
3943,12
3944,12
3945,12
3946,12
3947,12
3948,12
3949,12
3950,12
3951,12
3952,12
3953,12
3954,12
3955,12
3956,12
3957,12
3958,12
3959,12
3960,12
3961,12
3962,12
3963,12
3964,12
3965,12
3966,12
3967,12
3968,12
3969,12
3970,12
3971,12
3972,12
3973,12
3974,12
3975,12
3976,12
3977,12
3978,12
3979,12
3980,12
3981,12
3982,12
3983,12
3984,12
3985,12
3986,12
3987,12
3988,12
3989,12
3990,12
3991,12
3992,12
3993,12
3994,12
3995,12
3996,12
3997,12
3998,12
3999,12
4000,12
4001,12
4002,12
4003,12
4004,12
4005,12
4006,12
4007,12
4008,12
4009,12
4010,12
4011,12
4012,12
4013,12
4014,12
4015,12
4016,12
4017,12
4018,12
4019,12
4020,12
4021,12
4022,12
4023,12
4024,12
4025,12
4026,12
4027,12
4028,12
4029,12
4030,12
4031,12
4032,12
4033,12
4034,12
4035,12
4036,12
4037,12
4038,12
4039,12
4040,12
4041,12
4042,12
4043,12
4044,12
4045,12
4046,12
4047,12
4048,12
4049,12
4050,12
4051,12
4052,12
4053,12
4054,12
4055,12
4056,12
4057,12
4058,12
4059,12
4060,12
4061,12
4062,12
4063,12
4064,12
4065,12
4066,12
4067,12
4068,13
4069,13
4070,13
4071,13
4072,13
4073,13
4074,13
4075,13
4076,13
4077,13
4078,13
4079,13
4080,13
4081,13
4082,13
4083,13
4084,13
4085,13
4086,13
4087,13
4088,13
4089,13
4090,13
4091,13
4092,13
4093,13
4094,13
4095,13
4096,13
4097,13
4098,13
4099,13
4100,13
4101,13
4102,13
4103,13
4104,13
4105,13
4106,13
4107,13
4108,13
4109,13
4110,13
4111,13
4112,13
4113,13
4114,13
4115,13
4116,13
4117,13
4118,13
4119,13
4120,13
4121,13
4122,13
4123,13
4124,13
4125,13
4126,13
4127,13
4128,13
4129,13
4130,13
4131,13
4132,13
4133,13
4134,13
4135,13
4136,13
4137,13
4138,13
4139,13
4140,13
4141,13
4142,13
4143,13
4144,13
4145,13
4146,13
4147,13
4148,13
4149,13
4150,13
4151,13
4152,13
4153,12
4154,12
4155,12
4156,12
4157,12
4158,12
4159,12
4160,12
4161,12
4162,12
4163,12
4164,12
4165,12
4166,12
4167,12
4168,12
4169,12
4170,12
4171,12
4172,12
4173,12
4174,12
4175,12
4176,12
4177,12
4178,12
4179,12
4180,12
4181,13
4182,13
4183,13
4184,13
4185,13
4186,13
4187,13
4188,13
4189,13
4190,13
4191,13
4192,13
4193,13
4194,13
4195,13
4196,13
4197,13
4198,13
4199,13
4200,13
4201,13
4202,13
4203,13
4204,13
4205,13
4206,13
4207,13
4208,13
4209,13
4210,13
4211,13
4212,13
4213,13
4214,13
4215,14
4216,14
4217,14
4218,14
4219,14
4220,14
4221,14
4222,14
4223,14
4224,14
4225,14
4226,14
4227,14
4228,14
4229,14
4230,14
4231,14
4232,14
4233,14
4234,14
4235,14
4236,14
4237,14
4238,14
4239,14
4240,14
4241,14
4242,14
4243,14
4244,14
4245,14
4246,14
4247,14
4248,14
4249,14
4250,14
4251,14
4252,14
4253,14
4254,14
4255,14
4256,14
4257,14
4258,14
4259,14
4260,13
4261,13
4262,13
4263,13
4264,13
4265,13
4266,13
4267,13
4268,13
4269,13
4270,13
4271,13
4272,13
4273,13
4274,13
4275,13
4276,13
4277,13
4278,13
4279,13
4280,13
4281,13
4282,13
4283,13
4284,13
4285,13
4286,13
4287,13
4288,13
4289,13
4290,13
4291,13
4292,13
4293,13
4294,13
4295,13
4296,13
4297,13
4298,13
4299,13
4300,13
4301,13
4302,13
4303,13
4304,13
4305,13
4306,13
4307,13
4308,13
4309,13
4310,13
4311,13
4312,13
4313,13
4314,13
4315,13
4316,13
4317,13
4318,13
4319,13
4320,13
4321,13
4322,13
4323,13
4324,13
4325,13
4326,13
4327,13
4328,13
4329,13
4330,12
4331,12
4332,12
4333,12
4334,12
4335,12
4336,12
4337,12
4338,12
4339,12
4340,12
4341,12
4342,12
4343,12
4344,12
4345,12
4346,12
4347,12
4348,12
4349,12
4350,12
4351,12
4352,12
4353,12
4354,12
4355,12
4356,12
4357,12
4358,12
4359,12
4360,12
4361,12
4362,12
4363,12
4364,12
4365,12
4366,12
4367,12
4368,12
4369,12
4370,12
4371,12
4372,12
4373,12
4374,12
4375,12
4376,12
4377,12
4378,12
4379,12
4380,12
4381,13
4382,13
4383,13
4384,13
4385,13
4386,13
4387,13
4388,13
4389,13
4390,13
4391,13
4392,13
4393,13
4394,13
4395,13
4396,13
4397,13
4398,13
4399,13
4400,13
4401,13
4402,13
4403,13
4404,13
4405,13
4406,13
4407,13
4408,13
4409,13
4410,13
4411,13
4412,13
4413,13
4414,13
4415,13
4416,13
4417,13
4418,13
4419,13
4420,13
4421,13
4422,13
4423,13
4424,13
4425,13
4426,13
4427,13
4428,13
4429,13
4430,13
4431,13
4432,13
4433,13
4434,13
4435,13
4436,13
4437,13
4438,13
4439,13
4440,13
4441,13
4442,13
4443,13
4444,13
4445,13
4446,13
4447,13
4448,13
4449,13
4450,13
4451,13
4452,13
4453,13
4454,13
4455,13
4456,13
4457,13
4458,13
4459,13
4460,13
4461,13
4462,13
4463,13
4464,13
4465,13
4466,13
4467,13
4468,13
4469,13
4470,13
4471,13
4472,13
4473,13
4474,13
4475,13
4476,13
4477,13
4478,13
4479,13
4480,13
4481,13
4482,13
4483,13
4484,13
4485,13
4486,13
4487,13
4488,13
4489,13
4490,13
4491,13
4492,13
4493,13
4494,13
4495,13
4496,13
4497,13
4498,13
4499,13
4500,13
4501,13
4502,13
4503,13
4504,13
4505,13
4506,13
4507,13
4508,13
4509,13
4510,13
4511,13
4512,13
4513,13
4514,13
4515,13
4516,13
4517,13
4518,13
4519,13
4520,13
4521,13
4522,13
4523,13
4524,13
4525,13
4526,13
4527,13
4528,13
4529,13
4530,13
4531,13
4532,13
4533,13
4534,13
4535,13
4536,13
4537,13
4538,13
4539,13
4540,14
4541,14
4542,14
4543,14
4544,14
4545,14
4546,14
4547,14
4548,14
4549,14
4550,14
4551,14
4552,14
4553,14
4554,14
4555,14
4556,14
4557,14
4558,14
4559,14
4560,14
4561,14
4562,14
4563,14
4564,14
4565,14
4566,14
4567,14
4568,14
4569,14
4570,14
4571,14
4572,14
4573,14
4574,14
4575,14
4576,14
4577,14
4578,14
4579,14
4580,14
4581,14
4582,14
4583,14
4584,14
4585,14
4586,14
4587,14
4588,14
4589,14
4590,14
4591,14
4592,14
4593,14
4594,14
4595,14
4596,14
4597,14
4598,14
4599,14
4600,14
4601,14
4602,14
4603,14
4604,14
4605,14
4606,14
4607,14
4608,14
4609,14
4610,14
4611,14
4612,14
4613,14
4614,14
4615,14
4616,14
4617,14
4618,14
4619,14
4620,14
4621,14
4622,14
4623,14
4624,14
4625,14
4626,14
4627,14
4628,14
4629,14
4630,14
4631,14
4632,14
4633,14
4634,14
4635,13
4636,13
4637,13
4638,13
4639,13
4640,13
4641,13
4642,13
4643,13
4644,13
4645,13
4646,13
4647,13
4648,13
4649,13
4650,13
4651,13
4652,13
4653,13
4654,13
4655,13
4656,13
4657,13
4658,13
4659,13
4660,13
4661,13
4662,13
4663,12
4664,12
4665,12
4666,12
4667,12
4668,12
4669,12
4670,12
4671,12
4672,12
4673,12
4674,12
4675,13
4676,13
4677,13
4678,13
4679,13
4680,13
4681,13
4682,13
4683,13
4684,13
4685,13
4686,13
4687,13
4688,13
4689,13
4690,13
4691,13
4692,11
4693,11
4694,11
4695,11
4696,11
4697,11
4698,11
4699,11
4700,11
4701,11
4702,11
4703,11
4704,11
4705,11
4706,11
4707,11
4708,11
4709,11
4710,11
4711,11
4712,11
4713,11
4714,11
4715,11
4716,11
4717,11
4718,11
4719,11
4720,11
4721,11
4722,11
4723,11
4724,11
4725,11
4726,11
4727,11
4728,11
4729,11
4730,11
4731,11
4732,10
4733,10
4734,10
4735,10
4736,10
4737,10
4738,10
4739,10
4740,10
4741,10
4742,10
4743,10
4744,10
4745,10
4746,10
4747,10
4748,10
4749,10
4750,9
4751,9
4752,9
4753,9
4754,9
4755,9
4756,9
4757,9
4758,9
4759,9
4760,9
4761,9
4762,9
4763,9
4764,9
4765,9
4766,9
4767,9
4768,9
4769,9
4770,9
4771,9
4772,9
4773,9
4774,9
4775,9
4776,9
4777,9
4778,9
4779,9
4780,9
4781,9
4782,9
4783,9
4784,9
4785,9
4786,9
4787,9
4788,9
4789,9
4790,9
4791,9
4792,9
4793,9
4794,9
4795,9
4796,9
4797,9
4798,9
4799,9
4800,9
4801,8
4802,8
4803,8
4804,8
4805,8
4806,8
4807,8
4808,8
4809,8
4810,8
4811,8
4812,8
4813,8
4814,8
4815,8
4816,8
4817,8
4818,8
4819,8
4820,8
4821,8
4822,8
4823,8
4824,8
4825,8
4826,8
4827,8
4828,8
4829,8
4830,8
4831,8
4832,9
4833,9
4834,9
4835,9
4836,9
4837,9
4838,9
4839,9
4840,9
4841,9
4842,9
4843,9
4844,9
4845,9
4846,9
4847,9
4848,9
4849,9
4850,9
4851,9
4852,9
4853,9
4854,9
4855,9
4856,9
4857,9
4858,9
4859,9
4860,9
4861,9
4862,9
4863,9
4864,9
4865,9
4866,9
4867,9
4868,9
4869,9
4870,9
4871,9
4872,9
4873,9
4874,9
4875,9
4876,9
4877,9
4878,9
4879,9
4880,9
4881,9
4882,9
4883,9
4884,9
4885,9
4886,9
4887,9
4888,9
4889,9
4890,9
4891,8
4892,6
4893,6
4894,6
4895,6
4896,6
4897,6
4898,6
4899,6
4900,6
4901,6
4902,7
4903,7
4904,7
4905,7
4906,7
4907,7
4908,7
4909,7
4910,7
4911,7
4912,7
4913,7
4914,7
4915,7
4916,7
4917,7
4918,7
4919,7
4920,7
4921,7
4922,7
4923,7
4924,6
4925,7
4926,7
4927,7
4928,7
4929,7
4930,7
4931,7
4932,7
4933,7
4934,7
4935,7
4936,7
4937,7
4938,7
4939,7
4940,7
4941,7
4942,7
4943,7
4944,7
4945,7
4946,7
4947,7
4948,7
4949,7
4950,7
4951,7
4952,7
4953,7
4954,7
4955,7
4956,7
4957,7
4958,7
4959,7
4960,7
4961,7
4962,7
4963,7
4964,7
4965,7
4966,7
4967,7
4968,7
4969,7
4970,7
4971,7
4972,7
4973,7
4974,7
4975,7
4976,7
4977,7
4978,7
4979,7
4980,7
4981,7
4982,7
4983,7
4984,7
4985,7
4986,7
4987,7
4988,7
4989,7
4990,7
4991,7
4992,7
4993,7
4994,7
4995,7
4996,7
4997,7
4998,7
4999,7
5000,7
5001,7
5002,7
5003,7
5004,7
5005,7
5006,7
5007,7
5008,7
5009,7
5010,7
5011,7
5012,7
5013,7
5014,7
5015,7
5016,7
5017,7
5018,7
5019,7
5020,7
5021,7
5022,7
5023,7
5024,7
5025,7
5026,7
5027,7
5028,7
5029,7
5030,7
5031,7
5032,7
5033,7
5034,7
5035,7
5036,7
5037,7
5038,7
5039,7
5040,7
5041,6
5042,6
5043,6
5044,6
5045,6
5046,6
5047,6
5048,6
5049,6
5050,6
5051,6
5052,6
5053,6
5054,6
5055,6
5056,6
5057,6
5058,6
5059,6
5060,6
5061,6
5062,6
5063,6
5064,6
5065,6
5066,6
5067,6
5068,6
5069,7
5070,7
5071,7
5072,7
5073,7
5074,7
5075,7
5076,7
5077,7
5078,7
5079,7
5080,7
5081,7
5082,7
5083,7
5084,7
5085,7
5086,7
5087,7
5088,7
5089,7
5090,7
5091,7
5092,8
5093,8
5094,8
5095,8
5096,8
5097,8
5098,8
5099,8
5100,8
5101,8
5102,8
5103,8
5104,8
5105,8
5106,8
5107,8
5108,8
5109,8
5110,8
5111,8
5112,8
5113,8
5114,8
5115,8
5116,8
5117,8
5118,8
5119,8
5120,8
5121,8
5122,8
5123,8
5124,8
5125,8
5126,8
5127,8
5128,8
5129,8
5130,8
5131,8
5132,8
5133,8
5134,8
5135,8
5136,8
5137,8
5138,8
5139,8
5140,8
5141,8
5142,9
5143,9
5144,9
5145,9
5146,9
5147,9
5148,9
5149,9
5150,9
5151,9
5152,9
5153,9
5154,9
5155,9
5156,9
5157,9
5158,9
5159,9
5160,9
5161,9
5162,9
5163,9
5164,9
5165,9
5166,9
5167,9
5168,9
5169,9
5170,9
5171,9
5172,9
5173,9
5174,9
5175,9
5176,9
5177,9
5178,9
5179,9
5180,9
5181,9
5182,9
5183,9
5184,9
5185,9
5186,9
5187,9
5188,9
5189,9
5190,9
5191,9
5192,9
5193,9
5194,9
5195,9
5196,9
5197,9
5198,9
5199,9
5200,9
5201,9
5202,9
5203,9
5204,9
5205,9
5206,9
5207,9
5208,9
5209,9
5210,9
5211,9
5212,9
5213,9
5214,9
5215,9
5216,9
5217,9
5218,9
5219,9
5220,9
5221,9
5222,9
5223,9
5224,9
5225,9
5226,9
5227,9
5228,9
5229,9
5230,9
5231,9
5232,9
5233,9
5234,9
5235,9
5236,9
5237,9
5238,9
5239,9
5240,9
5241,9
5242,9
5243,9
5244,9
5245,9
5246,9
5247,9
5248,9
5249,9
5250,9
5251,9
5252,9
5253,9
5254,9
5255,9
5256,9
5257,9
5258,9
5259,9
5260,9
5261,9
5262,9
5263,9
5264,9
5265,9
5266,9
5267,9
5268,9
5269,9
5270,9
5271,9
5272,9
5273,8
5274,8
5275,8
5276,8
5277,8
5278,8
5279,8
5280,8
5281,8
5282,8
5283,8
5284,8
5285,8
5286,8
5287,8
5288,8
5289,8
5290,8
5291,8
5292,8
5293,8
5294,8
5295,8
5296,8
5297,8
5298,8
5299,8
5300,8
5301,8
5302,8
5303,8
5304,8
5305,8
5306,8
5307,8
5308,8
5309,8
5310,8
5311,8
5312,8
5313,8
5314,8
5315,8
5316,8
5317,8
5318,8
5319,8
5320,8
5321,8
5322,8
5323,8
5324,8
5325,8
5326,8
5327,8
5328,8
5329,8
5330,8
5331,8
5332,8
5333,8
5334,8
5335,8
5336,8
5337,8
5338,8
5339,8
5340,8
5341,8
5342,8
5343,8
5344,8
5345,8
5346,8
5347,8
5348,8
5349,9
5350,9
5351,9
5352,9
5353,9
5354,9
5355,9
5356,9
5357,9
5358,9
5359,9
5360,9
5361,9
5362,9
5363,9
5364,9
5365,9
5366,9
5367,9
5368,9
5369,9
5370,9
5371,9
5372,9
5373,9
5374,9
5375,8
5376,8
5377,8
5378,8
5379,8
5380,8
5381,8
5382,8
5383,8
5384,8
5385,8
5386,8
5387,8
5388,8
5389,8
5390,8
5391,8
5392,8
5393,8
5394,8
5395,8
5396,8
5397,8
5398,8
5399,8
5400,8
5401,8
5402,8
5403,8
5404,8
5405,8
5406,8
5407,8
5408,8
5409,8
5410,8
5411,8
5412,8
5413,8
5414,8
5415,8
5416,8
5417,8
5418,8
5419,8
5420,8
5421,8
5422,8
5423,8
5424,9
5425,9
5426,10
5427,10
5428,10
5429,10
5430,10
5431,10
5432,10
5433,10
5434,10
5435,10
5436,10
5437,10
5438,10
5439,9
5440,9
5441,9
5442,9
5443,9
5444,9
5445,9
5446,9
5447,9
5448,9
5449,9
5450,9
5451,9
5452,9
5453,9
5454,9
5455,9
5456,9
5457,9
5458,9
5459,9
5460,9
5461,9
5462,9
5463,9
5464,9
5465,9
5466,9
5467,9
5468,9
5469,9
5470,9
5471,9
5472,9
5473,9
5474,9
5475,9
5476,9
5477,9
5478,9
5479,9
5480,9
5481,9
5482,9
5483,9
5484,9
5485,9
5486,9
5487,9
5488,9
5489,9
5490,9
5491,9
5492,9
5493,9
5494,9
5495,9
5496,9
5497,9
5498,9
5499,9
5500,9
5501,9
5502,9
5503,9
5504,9
5505,9
5506,9
5507,9
5508,9
5509,9
5510,9
5511,9
5512,9
5513,9
5514,9
5515,10
5516,10
5517,10
5518,10
5519,10
5520,10
5521,10
5522,10
5523,10
5524,10
5525,10
5526,10
5527,10
5528,10
5529,10
5530,10
5531,10
5532,10
5533,10
5534,10
5535,10
5536,10
5537,10
5538,10
5539,10
5540,10
5541,10
5542,10
5543,10
5544,10
5545,10
5546,10
5547,10
5548,10
5549,10
5550,10
5551,10
5552,10
5553,10
5554,10
5555,10
5556,10
5557,10
5558,10
5559,10
5560,10
5561,10
5562,10
5563,10
5564,10
5565,10
5566,10
5567,10
5568,10
5569,10
5570,10
5571,10
5572,10
5573,10
5574,10
5575,10
5576,10
5577,10
5578,10
5579,10
5580,10
5581,10
5582,10
5583,10
5584,10
5585,10
5586,10
5587,10
5588,10
5589,10
5590,10
5591,10
5592,10
5593,10
5594,10
5595,10
5596,10
5597,10
5598,10
5599,9
5600,9
5601,9
5602,9
5603,9
5604,9
5605,9
5606,9
5607,9
5608,8
5609,8
5610,8
5611,8
5612,8
5613,8
5614,8
5615,8
5616,8
5617,8
5618,8
5619,8
5620,8
5621,8
5622,8
5623,8
5624,8
5625,8
5626,8
5627,8
5628,8
5629,8
5630,8
5631,8
5632,8
5633,8
5634,8
5635,8
5636,8
5637,8
5638,8
5639,8
5640,8
5641,8
5642,8
5643,8
5644,8
5645,8
5646,8
5647,8
5648,8
5649,8
5650,8
5651,8
5652,8
5653,8
5654,8
5655,8
5656,8
5657,8
5658,9
5659,9
5660,9
5661,9
5662,9
5663,9
5664,9
5665,9
5666,9
5667,10
5668,10
5669,10
5670,10
5671,10
5672,10
5673,10
5674,10
5675,10
5676,10
5677,10
5678,10
5679,10
5680,10
5681,10
5682,10
5683,10
5684,10
5685,10
5686,10
5687,10
5688,10
5689,10
5690,10
5691,10
5692,10
5693,10
5694,10
5695,10
5696,10
5697,10
5698,10
5699,10
5700,10
5701,10
5702,10
5703,10
5704,10
5705,10
5706,10
5707,10
5708,10
5709,10
5710,10
5711,10
5712,10
5713,10
5714,10
5715,10
5716,10
5717,10
5718,10
5719,10
5720,10
5721,10
5722,10
5723,10
5724,10
5725,10
5726,10
5727,10
5728,10
5729,10
5730,10
5731,10
5732,9
5733,9
5734,9
5735,9
5736,9
5737,9
5738,9
5739,9
5740,9
5741,9
5742,9
5743,9
5744,9
5745,9
5746,9
5747,9
5748,9
5749,9
5750,9
5751,9
5752,9
5753,9
5754,9
5755,9
5756,9
5757,9
5758,9
5759,9
5760,9
5761,9
5762,9
5763,9
5764,9
5765,9
5766,9
5767,9
5768,9
5769,9
5770,9
5771,9
5772,9
5773,9
5774,9
5775,9
5776,9
5777,9
5778,9
5779,9
5780,9
5781,9
5782,9
5783,9
5784,9
5785,9
5786,9
5787,9
5788,9
5789,9
5790,9
5791,9
5792,9
5793,9
5794,9
5795,9
5796,9
5797,9
5798,9
5799,9
5800,9
5801,9
5802,9
5803,9
5804,9
5805,9
5806,9
5807,9
5808,9
5809,9
5810,9
5811,9
5812,9
5813,9
5814,9
5815,9
5816,9
5817,9
5818,9
5819,9
5820,9
5821,9
5822,9
5823,9
5824,9
5825,9
5826,9
5827,9
5828,9
5829,9
5830,9
5831,9
5832,9
5833,9
5834,9
5835,9
5836,9
5837,9
5838,9
5839,9
5840,9
5841,9
5842,9
5843,9
5844,9
5845,9
5846,9
5847,9
5848,9
5849,9
5850,9
5851,9
5852,9
5853,9
5854,9
5855,9
5856,9
5857,9
5858,9
5859,9
5860,9
5861,9
5862,9
5863,9
5864,9
5865,9
5866,9
5867,10
5868,10
5869,10
5870,10
5871,10
5872,10
5873,10
5874,10
5875,10
5876,10
5877,10
5878,10
5879,10
5880,10
5881,10
5882,10
5883,10
5884,10
5885,10
5886,10
5887,10
5888,10
5889,10
5890,10
5891,10
5892,10
5893,9
5894,9
5895,9
5896,9
5897,9
5898,9
5899,9
5900,9
5901,9
5902,9
5903,9
5904,9
5905,9
5906,9
5907,9
5908,9
5909,9
5910,9
5911,9
5912,9
5913,9
5914,9
5915,9
5916,9
5917,9
5918,9
5919,9
5920,9
5921,9
5922,9
5923,9
5924,9
5925,9
5926,9
5927,9
5928,9
5929,9
5930,9
5931,9
5932,9
5933,9
5934,9
5935,9
5936,9
5937,9
5938,9
5939,9
5940,9
5941,9
5942,9
5943,9
5944,9
5945,9
5946,9
5947,9
5948,9
5949,9
5950,9
5951,9
5952,9
5953,9
5954,9
5955,9
5956,9
5957,9
5958,9
5959,9
5960,9
5961,9
5962,9
5963,9
5964,9
5965,9
5966,9
5967,9
5968,10
5969,10
5970,10
5971,10
5972,10
5973,10
5974,10
5975,10
5976,10
5977,10
5978,10
5979,10
5980,10
5981,10
5982,10
5983,10
5984,10
5985,10
5986,10
5987,10
5988,10
5989,10
5990,10
5991,10
5992,10
5993,10
5994,10
5995,11
5996,11
5997,11
5998,11
5999,11
6000,11
6001,11
6002,11
6003,11
6004,11
6005,11
6006,11
6007,11
6008,11
6009,11
6010,11
6011,11
6012,11
6013,11
6014,11
6015,11
6016,11
6017,11
6018,11
6019,11
6020,11
6021,11
6022,11
6023,11
6024,11
6025,11
6026,10
6027,10
6028,10
6029,10
6030,10
6031,10
6032,10
6033,10
6034,10
6035,10
6036,10
6037,10
6038,10
6039,10
6040,10
6041,10
6042,10
6043,10
6044,10
6045,11
6046,11
6047,11
6048,11
6049,11
6050,11
6051,11
6052,11
6053,11
6054,11
6055,11
6056,11
6057,11
6058,11
6059,11
6060,11
6061,11
6062,11
6063,11
6064,11
6065,11
6066,11
6067,11
6068,11
6069,11
6070,11
6071,11
6072,11
6073,11
6074,11
6075,11
6076,11
6077,11
6078,11
6079,10
6080,10
6081,10
6082,10
6083,10
6084,10
6085,10
6086,10
6087,10
6088,10
6089,10
6090,10
6091,10
6092,10
6093,10
6094,10
6095,10
6096,10
6097,11
6098,11
6099,11
6100,11
6101,11
6102,11
6103,11
6104,11
6105,11
6106,11
6107,11
6108,11
6109,11
6110,11
6111,11
6112,11
6113,11
6114,11
6115,11
6116,11
6117,11
6118,11
6119,11
6120,11
6121,11
6122,11
6123,11
6124,11
6125,11
6126,11
6127,11
6128,11
6129,12
6130,12
6131,12
6132,12
6133,12
6134,12
6135,12
6136,12
6137,12
6138,12
6139,12
6140,12
6141,12
6142,12
6143,12
6144,12
6145,12
6146,12
6147,13
6148,13
6149,13
6150,13
6151,13
6152,13
6153,13
6154,13
6155,13
6156,13
6157,13
6158,13
6159,13
6160,13
6161,13
6162,13
6163,12
6164,12
6165,12
6166,12
6167,12
6168,12
6169,12
6170,12
6171,12
6172,12
6173,12
6174,12
6175,12
6176,12
6177,12
6178,12
6179,12
6180,13
6181,12
6182,11
6183,11
6184,11
6185,11
6186,11
6187,11
6188,11
6189,11
6190,11
6191,11
6192,11
6193,11
6194,11
6195,11
6196,11
6197,11
6198,11
6199,11
6200,11
6201,11
6202,11
6203,11
6204,11
6205,11
6206,10
6207,10
6208,10
6209,10
6210,10
6211,10
6212,10
6213,10
6214,10
6215,10
6216,10
6217,10
6218,10
6219,10
6220,10
6221,10
6222,10
6223,10
6224,10
6225,10
6226,10
6227,10
6228,10
6229,10
6230,11
6231,11
6232,11
6233,11
6234,11
6235,11
6236,11
6237,11
6238,11
6239,11
6240,11
6241,11
6242,11
6243,11
6244,11
6245,11
6246,11
6247,11
6248,11
6249,11
6250,11
6251,11
6252,11
6253,11
6254,11
6255,11
6256,11
6257,11
6258,11
6259,11
6260,11
6261,11
6262,11
6263,11
6264,12
6265,12
6266,13
6267,13
6268,13
6269,13
6270,13
6271,13
6272,13
6273,13
6274,13
6275,13
6276,13
6277,13
6278,13
6279,13
6280,13
6281,13
6282,14
6283,14
6284,14
6285,14
6286,14
6287,14
6288,14
6289,14
6290,14
6291,14
6292,14
6293,14
6294,14
6295,14
6296,14
6297,14
6298,14
6299,15
6300,16
6301,16
6302,16
6303,16
6304,16
6305,16
6306,16
6307,16
6308,16
6309,16
6310,16
6311,16
6312,16
6313,16
6314,16
6315,16
6316,16
6317,16
6318,16
6319,16
6320,16
6321,16
6322,16
6323,16
6324,16
6325,16
6326,16
6327,16
6328,16
6329,16
6330,16
6331,16
6332,16
6333,16
6334,16
6335,16
6336,16
6337,16
6338,16
6339,16
6340,16
6341,16
6342,16
6343,16
6344,16
6345,16
6346,16
6347,16
6348,16
6349,16
6350,16
6351,16
6352,16
6353,16
6354,17
6355,17
6356,17
6357,17
6358,17
6359,17
6360,17
6361,17
6362,17
6363,17
6364,17
6365,17
6366,17
6367,17
6368,17
6369,17
6370,17
6371,17
6372,17
6373,17
6374,17
6375,17
6376,17
6377,17
6378,17
6379,17
6380,17
6381,17
6382,17
6383,17
6384,17
6385,17
6386,17
6387,17
6388,17
6389,17
6390,17
6391,17
6392,17
6393,17
6394,17
6395,17
6396,17
6397,17
6398,17
6399,16
6400,16
6401,16
6402,16
6403,16
6404,16
6405,16
6406,16
6407,16
6408,16
6409,16
6410,16
6411,16
6412,16
6413,16
6414,16
6415,16
6416,16
6417,16
6418,16
6419,16
6420,16
6421,16
6422,16
6423,16
6424,16
6425,16
6426,16
6427,16
6428,16
6429,16
6430,16
6431,16
6432,16
6433,16
6434,16
6435,16
6436,16
6437,16
6438,16
6439,16
6440,16
6441,16
6442,16
6443,16
6444,16
6445,16
6446,16
6447,16
6448,16
6449,16
6450,17
6451,17
6452,17
6453,17
6454,17
6455,17
6456,17
6457,17
6458,17
6459,17
6460,17
6461,17
6462,17
6463,17
6464,17
6465,17
6466,17
6467,17
6468,17
6469,17
6470,17
6471,17
6472,17
6473,17
6474,17
6475,17
6476,17
6477,17
6478,17
6479,17
6480,17
6481,17
6482,17
6483,17
6484,17
6485,17
6486,17
6487,17
6488,17
6489,17
6490,17
6491,17
6492,17
6493,17
6494,17
6495,17
6496,17
6497,17
6498,17
6499,17
6500,17
6501,18
6502,18
6503,18
6504,18
6505,18
6506,18
6507,18
6508,18
6509,18
6510,18
6511,18
6512,18
6513,18
6514,18
6515,18
6516,18
6517,18
6518,18
6519,18
6520,18
6521,18
6522,18
6523,18
6524,18
6525,18
6526,18
6527,18
6528,18
6529,18
6530,18
6531,18
6532,18
6533,18
6534,18
6535,18
6536,18
6537,18
6538,18
6539,18
6540,18
6541,18
6542,18
6543,18
6544,18
6545,18
6546,18
6547,18
6548,18
6549,18
6550,18
6551,18
6552,18
6553,18
6554,18
6555,18
6556,18
6557,18
6558,18
6559,18
6560,18
6561,18
6562,18
6563,18
6564,18
6565,18
6566,18
6567,18
6568,18
6569,18
6570,18
6571,18
6572,18
6573,18
6574,18
6575,18
6576,18
6577,18
6578,18
6579,17
6580,15
6581,15
6582,15
6583,15
6584,15
6585,15
6586,15
6587,15
6588,15
6589,15
6590,15
6591,15
6592,15
6593,15
6594,15
6595,15
6596,15
6597,15
6598,15
6599,15
6600,15
6601,15
6602,15
6603,15
6604,15
6605,15
6606,15
6607,15
6608,15
6609,15
6610,15
6611,15
6612,15
6613,15
6614,15
6615,15
6616,15
6617,15
6618,15
6619,15
6620,15
6621,15
6622,15
6623,15
6624,15
6625,15
6626,15
6627,15
6628,15
6629,15
6630,15
6631,15
6632,15
6633,15
6634,15
6635,15
6636,15
6637,15
6638,15
6639,16
6640,16
6641,16
6642,16
6643,16
6644,16
6645,16
6646,16
6647,16
6648,16
6649,16
6650,16
6651,16
6652,16
6653,16
6654,16
6655,16
6656,17
6657,17
6658,17
6659,17
6660,17
6661,17
6662,17
6663,17
6664,17
6665,17
6666,17
6667,17
6668,17
6669,17
6670,17
6671,17
6672,17
6673,17
6674,17
6675,17
6676,17
6677,17
6678,17
6679,17
6680,17
6681,17
6682,17
6683,17
6684,17
6685,17
6686,17
6687,17
6688,17
6689,17
6690,17
6691,17
6692,17
6693,17
6694,17
6695,17
6696,17
6697,17
6698,17
6699,17
6700,17
6701,18
6702,18
6703,18
6704,18
6705,18
6706,18
6707,18
6708,18
6709,18
6710,18
6711,18
6712,18
6713,18
6714,18
6715,18
6716,18
6717,18
6718,18
6719,18
6720,18
6721,18
6722,18
6723,18
6724,18
6725,18
6726,18
6727,18
6728,18
6729,18
6730,18
6731,18
6732,18
6733,18
6734,18
6735,18
6736,18
6737,18
6738,18
6739,18
6740,18
6741,18
6742,18
6743,18
6744,18
6745,18
6746,18
6747,18
6748,18
6749,18
6750,18
6751,18
6752,18
6753,18
6754,18
6755,18
6756,18
6757,18
6758,18
6759,18
6760,18
6761,18
6762,18
6763,16
6764,14
6765,14
6766,14
6767,14
6768,14
6769,14
6770,14
6771,14
6772,14
6773,14
6774,14
6775,14
6776,14
6777,14
6778,14
6779,14
6780,14
6781,14
6782,14
6783,15
6784,15
6785,15
6786,15
6787,15
6788,15
6789,15
6790,15
6791,15
6792,15
6793,15
6794,15
6795,15
6796,15
6797,15
6798,15
6799,15
6800,15
6801,15
6802,15
6803,15
6804,15
6805,15
6806,15
6807,15
6808,15
6809,15
6810,15
6811,15
6812,15
6813,15
6814,15
6815,15
6816,15
6817,15
6818,15
6819,15
6820,15
6821,15
6822,15
6823,15
6824,15
6825,15
6826,15
6827,15
6828,15
6829,15
6830,15
6831,15
6832,15
6833,15
6834,15
6835,15
6836,15
6837,15
6838,15
6839,15
6840,15
6841,15
6842,15
6843,15
6844,15
6845,15
6846,15
6847,15
6848,15
6849,15
6850,15
6851,15
6852,15
6853,15
6854,15
6855,15
6856,15
6857,15
6858,15
6859,15
6860,15
6861,15
6862,15
6863,15
6864,15
6865,15
6866,15
6867,15
6868,15
6869,15
6870,15
6871,15
6872,15
6873,15
6874,14
6875,14
6876,14
6877,14
6878,14
6879,14
6880,14
6881,14
6882,14
6883,11
6884,11
6885,11
6886,11
6887,11
6888,11
6889,10
6890,10
6891,10
6892,10
6893,10
6894,10
6895,10
6896,10
6897,10
6898,10
6899,10
6900,10
6901,9
6902,9
6903,9
6904,9
6905,9
6906,9
6907,9
6908,9
6909,9
6910,9
6911,9
6912,9
6913,9
6914,9
6915,9
6916,9
6917,9
6918,9
6919,8
6920,9
6921,10
6922,10
6923,10
6924,10
6925,10
6926,10
6927,10
6928,10
6929,10
6930,10
6931,10
6932,10
6933,10
6934,10
6935,10
6936,10
6937,10
6938,10
6939,10
6940,10
6941,10
6942,10
6943,10
6944,10
6945,10
6946,10
6947,10
6948,10
6949,10
6950,10
6951,10
6952,10
6953,10
6954,10
6955,10
6956,10
6957,10
6958,7
6959,7
6960,7
6961,7
6962,7
6963,7
6964,7
6965,7
6966,7
6967,7
6968,7
6969,7
6970,7
6971,7
6972,6
6973,6
6974,6
6975,6
6976,6
6977,6
6978,6
6979,6
6980,6
6981,6
6982,6
6983,6
6984,6
6985,6
6986,6
6987,6
6988,6
6989,6
6990,6
6991,6
6992,6
6993,6
6994,6
6995,6
6996,6
6997,6
6998,6
6999,6
7000,6
7001,6
7002,6
7003,6
7004,6
7005,6
7006,6
7007,6
7008,6
7009,6
7010,6
7011,6
7012,6
7013,6
7014,8
7015,8
7016,8
7017,8
7018,8
7019,8
7020,8
7021,8
7022,8
7023,8
7024,8
7025,8
7026,8
7027,8
7028,8
7029,8
7030,8
7031,8
7032,8
7033,8
7034,8
7035,8
7036,8
7037,8
7038,8
7039,8
7040,8
7041,8
7042,8
7043,8
7044,8
7045,8
7046,8
7047,8
7048,8
7049,8
7050,8
7051,8
7052,8
7053,9
7054,9
7055,9
7056,9
7057,9
7058,9
7059,9
7060,9
7061,9
7062,9
7063,9
7064,9
7065,9
7066,9
7067,9
7068,9
7069,9
7070,9
7071,9
7072,9
7073,9
7074,9
7075,9
7076,9
7077,8
7078,7
7079,7
7080,7
7081,7
7082,7
7083,7
7084,7
7085,7
7086,7
7087,8
7088,9
7089,9
7090,9
7091,9
7092,9
7093,9
7094,9
7095,9
7096,9
7097,9
7098,9
7099,9
7100,9
7101,9
7102,9
7103,9
7104,9
7105,9
7106,9
7107,9
7108,9
7109,9
7110,9
7111,9
7112,9
7113,9
7114,9
7115,9
7116,9
7117,9
7118,9
7119,9
7120,9
7121,9
7122,9
7123,9
7124,9
7125,9
7126,9
7127,9
7128,9
7129,9
7130,9
7131,9
7132,9
7133,9
7134,9
7135,9
7136,9
7137,9
7138,9
7139,9
7140,9
7141,9
7142,10
7143,10
7144,10
7145,10
7146,10
7147,13
7148,13
7149,13
7150,13
7151,13
7152,13
7153,12
7154,12
7155,12
7156,12
7157,12
7158,12
7159,12
7160,12
7161,12
7162,12
7163,12
7164,12
7165,12
7166,12
7167,12
7168,12
7169,12
7170,12
7171,11
7172,11
7173,11
7174,11
7175,11
7176,11
7177,11
7178,11
7179,11
7180,11
7181,10
7182,10
7183,10
7184,10
7185,10
7186,10
7187,10
7188,10
7189,10
7190,9
7191,9
7192,9
7193,9
7194,9
7195,9
7196,9
7197,9
7198,9
7199,9
7200,9
7201,9
7202,9
7203,9
7204,9
7205,9
7206,9
7207,9
7208,9
7209,10
7210,10
7211,10
7212,10
7213,10
7214,10
7215,10
7216,10
7217,10
7218,10
7219,10
7220,10
7221,11
7222,11
7223,11
7224,11
7225,11
7226,11
7227,11
7228,11
7229,11
7230,11
7231,11
7232,11
7233,11
7234,11
7235,11
7236,11
7237,11
7238,11
7239,11
7240,11
7241,11
7242,11
7243,11
7244,11
7245,11
7246,11
7247,11
7248,11
7249,11
7250,11
7251,11
7252,11
7253,11
7254,12
7255,12
7256,12
7257,12
7258,12
7259,12
7260,12
7261,12
7262,12
7263,12
7264,12
7265,12
7266,12
7267,12
7268,12
7269,12
7270,12
7271,12
7272,12
7273,12
7274,12
7275,12
7276,12
7277,12
7278,12
7279,12
7280,12
7281,12
7282,12
7283,12
7284,12
7285,12
7286,12
7287,12
7288,12
7289,12
7290,12
7291,12
7292,12
7293,12
7294,12
7295,12
7296,12
7297,12
7298,12
7299,12
7300,12
7301,12
7302,12
7303,12
7304,12
7305,12
7306,12
7307,12
7308,12
7309,12
7310,12
7311,12
7312,11
7313,10
7314,10
7315,10
7316,10
7317,10
7318,10
7319,10
7320,10
7321,10
7322,10
7323,10
7324,10
7325,10
7326,10
7327,10
7328,10
7329,10
7330,10
7331,10
7332,10
7333,10
7334,10
7335,10
7336,10
7337,10
7338,10
7339,10
7340,10
7341,10
7342,10
7343,10
7344,10
7345,10
7346,10
7347,10
7348,10
7349,10
7350,10
7351,10
7352,10
7353,10
7354,10
7355,10
7356,10
7357,10
7358,10
7359,10
7360,10
7361,10
7362,10
7363,10
7364,10
7365,11
7366,11
7367,11
7368,11
7369,11
7370,11
7371,11
7372,11
7373,11
7374,11
7375,11
7376,11
7377,11
7378,11
7379,11
7380,11
7381,11
7382,11
7383,11
7384,11
7385,11
7386,11
7387,11
7388,11
7389,11
7390,11
7391,11
7392,11
7393,11
7394,11
7395,11
7396,11
7397,11
7398,11
7399,11
7400,11
7401,11
7402,12
7403,12
7404,12
7405,12
7406,12
7407,12
7408,12
7409,12
7410,12
7411,12
7412,12
7413,12
7414,12
7415,13
7416,13
7417,13
7418,13
7419,13
7420,13
7421,13
7422,13
7423,13
7424,13
7425,13
7426,13
7427,13
7428,13
7429,13
7430,13
7431,13
7432,13
7433,13
7434,13
7435,13
7436,13
7437,13
7438,13
7439,13
7440,13
7441,13
7442,13
7443,13
7444,13
7445,13
7446,13
7447,13
7448,12
7449,11
7450,11
7451,11
7452,11
7453,11
7454,11
7455,11
7456,11
7457,11
7458,11
7459,11
7460,11
7461,11
7462,11
7463,11
7464,11
7465,11
7466,11
7467,11
7468,11
7469,11
7470,11
7471,11
7472,11
7473,11
7474,11
7475,11
7476,11
7477,11
7478,11
7479,11
7480,11
7481,11
7482,11
7483,11
7484,11
7485,12
7486,12
7487,12
7488,12
7489,12
7490,12
7491,12
7492,12
7493,12
7494,12
7495,12
7496,12
7497,12
7498,12
7499,12
7500,12
7501,11
7502,10
7503,10
7504,10
7505,10
7506,10
7507,10
7508,9
7509,9
7510,9
7511,9
7512,9
7513,9
7514,9
7515,9
7516,9
7517,9
7518,9
7519,9
7520,9
7521,9
7522,9
7523,9
7524,9
7525,9
7526,9
7527,9
7528,9
7529,9
7530,9
7531,9
7532,9
7533,9
7534,9
7535,9
7536,9
7537,9
7538,9
7539,9
7540,9
7541,9
7542,9
7543,9
7544,9
7545,9
7546,9
7547,9
7548,9
7549,9
7550,9
7551,9
7552,9
7553,9
7554,9
7555,9
7556,9
7557,9
7558,9
7559,9
7560,9
7561,9
7562,9
7563,9
7564,9
7565,9
7566,9
7567,9
7568,9
7569,9
7570,9
7571,9
7572,9
7573,9
7574,9
7575,9
7576,9
7577,9
7578,9
7579,10
7580,10
7581,10
7582,10
7583,10
7584,10
7585,10
7586,10
7587,10
7588,10
7589,10
7590,10
7591,10
7592,10
7593,10
7594,10
7595,10
7596,10
7597,10
7598,10
7599,10
7600,10
7601,10
7602,10
7603,10
7604,10
7605,10
7606,10
7607,10
7608,10
7609,10
7610,9
7611,9
7612,9
7613,9
7614,9
7615,9
7616,9
7617,9
7618,9
7619,9
7620,9
7621,9
7622,9
7623,9
7624,9
7625,9
7626,9
7627,9
7628,9
7629,9
7630,9
7631,9
7632,9
7633,9
7634,9
7635,9
7636,9
7637,9
7638,9
7639,9
7640,9
7641,9
7642,9
7643,9
7644,9
7645,9
7646,9
7647,9
7648,9
7649,9
7650,9
7651,9
7652,9
7653,9
7654,9
7655,9
7656,9
7657,9
7658,9
7659,9
7660,9
7661,9
7662,9
7663,9
7664,9
7665,9
7666,9
7667,9
7668,9
7669,9
7670,9
7671,9
7672,9
7673,9
7674,9
7675,9
7676,9
7677,9
7678,9
7679,9
7680,9
7681,9
7682,9
7683,9
7684,9
7685,9
7686,9
7687,9
7688,9
7689,9
7690,9
7691,9
7692,9
7693,9
7694,9
7695,9
7696,9
7697,9
7698,9
7699,9
7700,9
7701,9
7702,9
7703,9
7704,9
7705,9
7706,9
7707,9
7708,9
7709,9
7710,9
7711,9
7712,9
7713,9
7714,9
7715,9
7716,9
7717,9
7718,9
7719,9
7720,9
7721,9
7722,9
7723,9
7724,9
7725,9
7726,9
7727,9
7728,9
7729,9
7730,9
7731,9
7732,9
7733,9
7734,9
7735,9
7736,9
7737,9
7738,9
7739,9
7740,9
7741,9
7742,10
7743,10
7744,10
7745,10
7746,10
7747,10
7748,10
7749,10
7750,10
7751,10
7752,10
7753,10
7754,10
7755,10
7756,10
7757,10
7758,10
7759,10
7760,10
7761,10
7762,10
7763,10
7764,10
7765,11
7766,11
7767,11
7768,11
7769,11
7770,11
7771,11
7772,11
7773,11
7774,11
7775,11
7776,11
7777,11
7778,11
7779,11
7780,11
7781,12
7782,12
7783,12
7784,12
7785,12
7786,12
7787,12
7788,12
7789,12
7790,12
7791,12
7792,13
7793,13
7794,13
7795,13
7796,13
7797,13
7798,13
7799,13
7800,13
7801,13
7802,13
7803,13
7804,13
7805,13
7806,13
7807,13
7808,13
7809,13
7810,13
7811,13
7812,13
7813,13
7814,13
7815,13
7816,13
7817,13
7818,13
7819,13
7820,14
7821,14
7822,14
7823,14
7824,14
7825,14
7826,14
7827,14
7828,14
7829,14
7830,14
7831,14
7832,14
7833,14
7834,14
7835,14
7836,14
7837,14
7838,14
7839,14
7840,14
7841,15
7842,15
7843,15
7844,15
7845,15
7846,15
7847,15
7848,15
7849,15
7850,14
7851,14
7852,14
7853,14
7854,14
7855,14
7856,14
7857,14
7858,14
7859,14
7860,14
7861,14
7862,14
7863,14
7864,14
7865,14
7866,14
7867,14
7868,14
7869,14
7870,14
7871,14
7872,14
7873,14
7874,14
7875,14
7876,14
7877,14
7878,14
7879,14
7880,14
7881,14
7882,14
7883,14
7884,14
7885,14
7886,14
7887,14
7888,14
7889,14
7890,14
7891,14
7892,14
7893,14
7894,14
7895,14
7896,14
7897,14
7898,14
7899,14
7900,14
7901,14
7902,14
7903,14
7904,14
7905,14
7906,14
7907,14
7908,14
7909,14
7910,14
7911,14
7912,14
7913,16
7914,16
7915,16
7916,16
7917,16
7918,16
7919,16
7920,16
7921,16
7922,16
7923,16
7924,16
7925,16
7926,16
7927,16
7928,16
7929,16
7930,16
7931,16
7932,16
7933,17
7934,17
7935,17
7936,17
7937,17
7938,17
7939,17
7940,17
7941,17
7942,17
7943,17
7944,17
7945,17
7946,17
7947,17
7948,17
7949,17
7950,17
7951,17
7952,17
7953,17
7954,17
7955,17
7956,17
7957,17
7958,17
7959,17
7960,17
7961,16
7962,15
7963,15
7964,15
7965,15
7966,15
7967,15
7968,15
7969,15
7970,15
7971,15
7972,15
7973,15
7974,15
7975,15
7976,15
7977,15
7978,15
7979,15
7980,15
7981,15
7982,15
7983,15
7984,15
7985,15
7986,15
7987,15
7988,15
7989,15
7990,15
7991,16
7992,16
7993,16
7994,16
7995,16
7996,16
7997,16
7998,16
7999,16
8000,16
8001,16
8002,16
8003,16
8004,16
8005,16
8006,16
8007,16
8008,16
8009,16
8010,16
8011,16
8012,16
8013,16
8014,16
8015,16
8016,16
8017,16
8018,16
8019,16
8020,16
8021,16
8022,16
8023,16
8024,16
8025,16
8026,16
8027,16
8028,16
8029,16
8030,16
8031,16
8032,16
8033,16
8034,16
8035,16
8036,15
8037,15
8038,15
8039,15
8040,15
8041,15
8042,15
8043,15
8044,15
8045,15
8046,15
8047,15
8048,14
8049,14
8050,14
8051,14
8052,14
8053,14
8054,14
8055,14
8056,14
8057,14
8058,14
8059,14
8060,14
8061,14
8062,14
8063,14
8064,14
8065,14
8066,14
8067,14
8068,14
8069,14
8070,14
8071,14
8072,14
8073,14
8074,14
8075,14
8076,14
8077,14
8078,14
8079,14
8080,14
8081,14
8082,14
8083,14
8084,14
8085,14
8086,15
8087,15
8088,15
8089,15
8090,15
8091,15
8092,15
8093,15
8094,15
8095,15
8096,15
8097,15
8098,15
8099,15
8100,15
8101,15
8102,15
8103,15
8104,15
8105,15
8106,15
8107,15
8108,15
8109,15
8110,15
8111,15
8112,15
8113,15
8114,15
8115,15
8116,15
8117,15
8118,15
8119,15
8120,15
8121,15
8122,15
8123,15
8124,15
8125,15
8126,15
8127,15
8128,15
8129,15
8130,15
8131,15
8132,15
8133,15
8134,15
8135,15
8136,15
8137,15
8138,16
8139,16
8140,16
8141,16
8142,16
8143,16
8144,16
8145,16
8146,16
8147,16
8148,16
8149,16
8150,16
8151,16
8152,16
8153,16
8154,16
8155,16
8156,16
8157,16
8158,16
8159,16
8160,17
8161,17
8162,17
8163,17
8164,17
8165,17
8166,17
8167,17
8168,17
8169,17
8170,17
8171,16
8172,16
8173,16
8174,16
8175,16
8176,16
8177,16
8178,16
8179,16
8180,16
8181,16
8182,16
8183,16
8184,16
8185,16
8186,16
8187,17
8188,17
8189,18
8190,18
8191,18
8192,18
8193,18
8194,18
8195,18
8196,18
8197,18
8198,18
8199,18
8200,18
8201,18
8202,18
8203,18
8204,18
8205,18
8206,18
8207,18
8208,18
8209,18
8210,18
8211,18
8212,18
8213,18
8214,18
8215,21
8216,21
8217,21
8218,21
8219,21
8220,21
8221,21
8222,21
8223,21
8224,21
8225,21
8226,21
8227,21
8228,21
8229,21
8230,21
8231,21
8232,21
8233,21
8234,21
8235,21
8236,21
8237,21
8238,21
8239,21
8240,21
8241,21
8242,21
8243,21
8244,21
8245,21
8246,21
8247,21
8248,21
8249,21
8250,21
8251,21
8252,21
8253,20
8254,20
8255,20
8256,20
8257,20
8258,20
8259,20
8260,20
8261,20
8262,20
8263,20
8264,20
8265,20
8266,20
8267,20
8268,20
8269,20
8270,20
8271,20
8272,20
8273,20
8274,20
8275,20
8276,20
8277,20
8278,20
8279,20
8280,20
8281,20
8282,20
8283,20
8284,20
8285,20
8286,20
8287,20
8288,20
8289,20
8290,20
8291,20
8292,20
8293,20
8294,20
8295,20
8296,20
8297,20
8298,20
8299,20
8300,20
8301,20
8302,20
8303,20
8304,20
8305,20
8306,20
8307,20
8308,20
8309,20
8310,20
8311,20
8312,20
8313,20
8314,21
8315,21
8316,21
8317,21
8318,21
8319,21
8320,21
8321,21
8322,21
8323,21
8324,21
8325,21
8326,21
8327,21
8328,21
8329,21
8330,21
8331,21
8332,21
8333,21
8334,21
8335,21
8336,21
8337,21
8338,20
8339,20
8340,20
8341,19
8342,18
8343,18
8344,18
8345,18
8346,18
8347,18
8348,18
8349,18
8350,18
8351,18
8352,18
8353,18
8354,18
8355,18
8356,18
8357,18
8358,18
8359,18
8360,18
8361,18
8362,18
8363,18
8364,18
8365,18
8366,18
8367,18
8368,18
8369,18
8370,18
8371,18
8372,18
8373,18
8374,18
8375,18
8376,18
8377,18
8378,18
8379,18
8380,18
8381,18
8382,16
8383,16
8384,16
8385,16
8386,16
8387,16
8388,16
8389,16
8390,16
8391,16
8392,16
8393,16
8394,16
8395,16
8396,16
8397,16
8398,16
8399,16
8400,16
8401,16
8402,16
8403,16
8404,16
8405,16
8406,16
8407,16
8408,16
8409,16
8410,16
8411,16
8412,16
8413,16
8414,16
8415,16
8416,15
8417,15
8418,15
8419,15
8420,15
8421,15
8422,15
8423,15
8424,15
8425,15
8426,15
8427,15
8428,15
8429,15
8430,15
8431,15
8432,15
8433,15
8434,15
8435,15
8436,15
8437,15
8438,15
8439,15
8440,15
8441,15
8442,15
8443,15
8444,15
8445,15
8446,15
8447,15
8448,15
8449,15
8450,15
8451,15
8452,15
8453,15
8454,15
8455,15
8456,15
8457,15
8458,15
8459,15
8460,15
8461,15
8462,15
8463,15
8464,15
8465,15
8466,15
8467,15
8468,15
8469,15
8470,15
8471,15
8472,15
8473,15
8474,15
8475,15
8476,15
8477,15
8478,15
8479,15
8480,15
8481,15
8482,15
8483,15
8484,15
8485,15
8486,15
8487,15
8488,15
8489,16
8490,16
8491,16
8492,16
8493,16
8494,16
8495,16
8496,16
8497,16
8498,16
8499,16
8500,16
8501,16
8502,16
8503,16
8504,16
8505,16
8506,16
8507,16
8508,16
8509,16
8510,16
8511,16
8512,16
8513,16
8514,16
8515,16
8516,16
8517,16
8518,15
8519,12
8520,12
8521,12
8522,12
8523,12
8524,12
8525,12
8526,12
8527,12
8528,12
8529,12
8530,12
8531,12
8532,12
8533,12
8534,12
8535,12
8536,12
8537,12
8538,12
8539,13
8540,13
8541,13
8542,13
8543,13
8544,13
8545,13
8546,13
8547,13
8548,13
8549,13
8550,13
8551,15
8552,15
8553,15
8554,15
8555,15
8556,15
8557,15
8558,15
8559,15
8560,15
8561,15
8562,15
8563,15
8564,15
8565,15
8566,15
8567,15
8568,15
8569,15
8570,15
8571,15
8572,15
8573,15
8574,15
8575,15
8576,15
8577,15
8578,15
8579,15
8580,15
8581,15
8582,15
8583,15
8584,15
8585,15
8586,15
8587,15
8588,15
8589,15
8590,15
8591,15
8592,15
8593,15
8594,15
8595,16
8596,16
8597,16
8598,16
8599,15
8600,16
8601,16
8602,16
8603,16
8604,16
8605,16
8606,16
8607,16
8608,16
8609,16
8610,16
8611,16
8612,17
8613,17
8614,17
8615,17
8616,17
8617,17
8618,17
8619,17
8620,17
8621,17
8622,17
8623,17
8624,17
8625,17
8626,17
8627,17
8628,17
8629,17
8630,17
8631,17
8632,17
8633,18
8634,18
8635,18
8636,18
8637,18
8638,18
8639,18
8640,18
8641,18
8642,18
8643,18
8644,18
8645,18
8646,18
8647,18
8648,18
8649,18
8650,18
8651,18
8652,18
8653,18
8654,18
8655,18
8656,18
8657,18
8658,18
8659,18
8660,18
8661,18
8662,18
8663,18
8664,18
8665,18
8666,18
8667,18
8668,18
8669,18
8670,18
8671,18
8672,18
8673,18
8674,18
8675,18
8676,18
8677,18
8678,18
8679,18
8680,18
8681,18
8682,18
8683,18
8684,18
8685,18
8686,18
8687,18
8688,18
8689,18
8690,18
8691,18
8692,18
8693,18
8694,18
8695,18
8696,18
8697,18
8698,18
8699,18
8700,18
8701,18
8702,18
8703,18
8704,18
8705,18
8706,18
8707,18
8708,18
8709,18
8710,18
8711,18
8712,19
8713,19
8714,19
8715,19
8716,19
8717,19
8718,19
8719,19
8720,19
8721,19
8722,19
8723,19
8724,19
8725,19
8726,19
8727,19
8728,19
8729,19
8730,19
8731,19
8732,19
8733,19
8734,19
8735,19
8736,19
8737,19
8738,19
8739,19
8740,19
8741,19
8742,19
8743,19
8744,19
8745,19
8746,20
8747,17
8748,17
8749,17
8750,17
8751,17
8752,17
8753,17
8754,17
8755,17
8756,16
8757,16
8758,15
8759,14
8760,14
8761,14
8762,14
8763,14
8764,14
8765,14
8766,14
8767,14
8768,14
8769,14
8770,14
8771,14
8772,14
8773,14
8774,14
8775,14
8776,15
8777,15
8778,15
8779,15
8780,15
8781,15
8782,15
8783,15
8784,15
8785,15
8786,15
8787,15
8788,15
8789,15
8790,15
8791,15
8792,15
8793,15
8794,15
8795,15
8796,15
8797,15
8798,17
8799,17
8800,17
8801,17
8802,17
8803,16
8804,16
8805,15
8806,15
8807,15
8808,15
8809,15
8810,15
8811,15
8812,15
8813,15
8814,14
8815,14
8816,14
8817,14
8818,14
8819,14
8820,14
8821,14
8822,14
8823,14
8824,14
8825,14
8826,14
8827,14
8828,14
8829,14
8830,14
8831,14
8832,14
8833,14
8834,14
8835,15
8836,15
8837,15
8838,15
8839,15
8840,15
8841,15
8842,15
8843,15
8844,15
8845,15
8846,15
8847,15
8848,15
8849,15
8850,15
8851,15
8852,15
8853,15
8854,15
8855,15
8856,15
8857,15
8858,15
8859,15
8860,15
8861,15
8862,15
8863,15
8864,15
8865,15
8866,15
8867,15
8868,15
8869,15
8870,15
8871,15
8872,15
8873,15
8874,15
8875,15
8876,15
8877,15
8878,15
8879,15
8880,15
8881,15
8882,15
8883,15
8884,15
8885,15
8886,15
8887,15
8888,15
8889,15
8890,15
8891,15
8892,15
8893,15
8894,15
8895,15
8896,15
8897,15
8898,15
8899,15
8900,15
8901,16
8902,16
8903,15
8904,16
8905,16
8906,16
8907,16
8908,16
8909,16
8910,16
8911,16
8912,16
8913,16
8914,16
8915,16
8916,16
8917,16
8918,16
8919,16
8920,15
8921,15
8922,15
8923,15
8924,15
8925,15
8926,15
8927,15
8928,15
8929,15
8930,15
8931,15
8932,15
8933,15
8934,15
8935,15
8936,15
8937,15
8938,15
8939,15
8940,15
8941,15
8942,15
8943,15
8944,15
8945,15
8946,15
8947,15
8948,15
8949,15
8950,15
8951,15
8952,15
8953,15
8954,15
8955,15
8956,15
8957,15
8958,15
8959,15
8960,15
8961,15
8962,16
8963,16
8964,16
8965,17
8966,17
8967,17
8968,17
8969,17
8970,17
8971,17
8972,17
8973,17
8974,17
8975,17
8976,17
8977,17
8978,17
8979,17
8980,20
8981,20
8982,20
8983,19
8984,19
8985,19
8986,19
8987,19
8988,19
8989,19
8990,19
8991,19
8992,19
8993,19
8994,19
8995,19
8996,19
8997,19
8998,19
8999,19
9000,19
9001,19
9002,19
9003,19
9004,19
9005,19
9006,19
9007,20
9008,20
9009,20
9010,20
9011,20
9012,20
9013,20
9014,20
9015,20
9016,20
9017,20
9018,20
9019,20
9020,20
9021,20
9022,21
9023,21
9024,21
9025,21
9026,21
9027,21
9028,21
9029,21
9030,21
9031,21
9032,21
9033,21
9034,20
9035,20
9036,20
9037,20
9038,20
9039,20
9040,20
9041,20
9042,20
9043,20
9044,20
9045,20
9046,20
9047,20
9048,20
9049,20
9050,20
9051,20
9052,20
9053,20
9054,20
9055,20
9056,20
9057,20
9058,20
9059,20
9060,20
9061,20
9062,20
9063,20
9064,20
9065,20
9066,20
9067,20
9068,20
9069,20
9070,20
9071,20
9072,20
9073,20
9074,20
9075,20
9076,20
9077,20
9078,20
9079,20
9080,20
9081,20
9082,20
9083,20
9084,20
9085,20
9086,20
9087,20
9088,20
9089,20
9090,20
9091,20
9092,20
9093,20
9094,18
9095,16
9096,16
9097,16
9098,16
9099,16
9100,16
9101,16
9102,16
9103,16
9104,16
9105,16
9106,16
9107,16
9108,16
9109,16
9110,16
9111,16
9112,16
9113,16
9114,16
9115,16
9116,16
9117,17
9118,17
9119,17
9120,17
9121,17
9122,17
9123,17
9124,17
9125,17
9126,17
9127,17
9128,17
9129,17
9130,17
9131,17
9132,16
9133,16
9134,16
9135,16
9136,16
9137,16
9138,16
9139,16
9140,15
9141,15
9142,15
9143,15
9144,15
9145,17
9146,19
9147,19
9148,19
9149,19
9150,19
9151,19
9152,19
9153,19
9154,19
9155,19
9156,19
9157,19
9158,19
9159,19
9160,18
9161,18
9162,18
9163,18
9164,18
9165,18
9166,18
9167,18
9168,18
9169,14
9170,14
9171,14
9172,14
9173,14
9174,14
9175,14
9176,14
9177,14
9178,14
9179,14
9180,14
9181,14
9182,14
9183,14
9184,14
9185,14
9186,14
9187,14
9188,14
9189,13
9190,13
9191,13
9192,13
9193,13
9194,13
9195,13
9196,13
9197,14
9198,13
9199,12
9200,11
9201,11
9202,11
9203,11
9204,11
9205,11
9206,11
9207,11
9208,11
9209,11
9210,11
9211,11
9212,11
9213,11
9214,11
9215,11
9216,11
9217,11
9218,11
9219,11
9220,11
9221,11
9222,11
9223,11
9224,11
9225,11
9226,11
9227,11
9228,11
9229,11
9230,11
9231,11
9232,11
9233,11
9234,11
9235,11
9236,11
9237,11
9238,11
9239,11
9240,11
9241,11
9242,11
9243,11
9244,11
9245,11
9246,11
9247,11
9248,10
9249,10
9250,10
9251,10
9252,10
9253,10
9254,10
9255,10
9256,10
9257,10
9258,10
9259,10
9260,10
9261,10
9262,10
9263,11
9264,11
9265,11
9266,11
9267,11
9268,11
9269,11
9270,11
9271,12
9272,12
9273,12
9274,12
9275,12
9276,12
9277,12
9278,12
9279,12
9280,12
9281,12
9282,12
9283,12
9284,12
9285,12
9286,12
9287,12
9288,12
9289,12
9290,12
9291,12
9292,12
9293,12
9294,12
9295,12
9296,12
9297,12
9298,12
9299,12
9300,12
9301,12
9302,12
9303,12
9304,12
9305,12
9306,12
9307,12
9308,12
9309,12
9310,12
9311,12
9312,12
9313,12
9314,12
9315,12
9316,12
9317,12
9318,12
9319,12
9320,12
9321,12
9322,12
9323,12
9324,12
9325,12
9326,12
9327,12
9328,12
9329,12
9330,12
9331,12
9332,12
9333,12
9334,12
9335,12
9336,12
9337,12
9338,12
9339,12
9340,12
9341,12
9342,12
9343,12
9344,12
9345,12
9346,12
9347,12
9348,12
9349,12
9350,12
9351,12
9352,12
9353,12
9354,12
9355,12
9356,12
9357,12
9358,12
9359,12
9360,12
9361,12
9362,12
9363,12
9364,13
9365,13
9366,13
9367,13
9368,13
9369,13
9370,13
9371,13
9372,13
9373,13
9374,13
9375,13
9376,13
9377,13
9378,13
9379,13
9380,13
9381,13
9382,13
9383,13
9384,15
9385,15
9386,15
9387,15
9388,15
9389,15
9390,15
9391,15
9392,15
9393,15
9394,15
9395,15
9396,15
9397,15
9398,15
9399,17
9400,17
9401,17
9402,17
9403,17
9404,17
9405,17
9406,17
9407,18
9408,18
9409,18
9410,18
9411,18
9412,18
9413,18
9414,18
9415,18
9416,18
9417,18
9418,20
9419,20
9420,20
9421,20
9422,20
9423,20
9424,20
9425,20
9426,20
9427,20
9428,20
9429,20
9430,20
9431,20
9432,20
9433,20
9434,20
9435,20
9436,20
9437,20
9438,20
9439,20
9440,20
9441,20
9442,20
9443,20
9444,20
9445,21
9446,21
9447,21
9448,21
9449,21
9450,21
9451,21
9452,21
9453,21
9454,21
9455,21
9456,21
9457,21
9458,21
9459,21
9460,21
9461,21
9462,21
9463,21
9464,21
9465,21
9466,21
9467,21
9468,21
9469,21
9470,21
9471,21
9472,21
9473,21
9474,21
9475,21
9476,21
9477,21
9478,21
9479,21
9480,21
9481,21
9482,21
9483,21
9484,21
9485,21
9486,21
9487,20
9488,20
9489,20
9490,20
9491,20
9492,20
9493,20
9494,20
9495,20
9496,20
9497,20
9498,20
9499,20
9500,20
9501,20
9502,20
9503,20
9504,20
9505,20
9506,20
9507,20
9508,20
9509,20
9510,20
9511,20
9512,20
9513,20
9514,20
9515,20
9516,20
9517,20
9518,20
9519,20
9520,20
9521,20
9522,20
9523,20
9524,20
9525,20
9526,20
9527,20
9528,20
9529,20
9530,20
9531,20
9532,20
9533,20
9534,20
9535,20
9536,20
9537,20
9538,21
9539,21
9540,21
9541,21
9542,21
9543,22
9544,22
9545,22
9546,22
9547,22
9548,22
9549,22
9550,22
9551,22
9552,22
9553,22
9554,22
9555,22
9556,22
9557,22
9558,22
9559,22
9560,22
9561,22
9562,22
9563,22
9564,22
9565,22
9566,22
9567,22
9568,22
9569,22
9570,22
9571,23
9572,23
9573,23
9574,23
9575,23
9576,23
9577,23
9578,23
9579,23
9580,23
9581,23
9582,23
9583,23
9584,24
9585,24
9586,24
9587,24
9588,24
9589,24
9590,24
9591,24
9592,24
9593,24
9594,24
9595,24
9596,24
9597,24
9598,24
9599,24
9600,24
9601,24
9602,24
9603,24
9604,25
9605,25
9606,25
9607,25
9608,25
9609,25
9610,25
9611,25
9612,24
9613,24
9614,24
9615,24
9616,24
9617,24
9618,24
9619,24
9620,24
9621,24
9622,24
9623,24
9624,21
9625,21
9626,21
9627,21
9628,21
9629,21
9630,21
9631,21
9632,21
9633,21
9634,21
9635,21
9636,21
9637,21
9638,21
9639,21
9640,21
9641,21
9642,21
9643,21
9644,21
9645,21
9646,21
9647,21
9648,21
9649,21
9650,21
9651,21
9652,21
9653,21
9654,21
9655,21
9656,21
9657,21
9658,22
9659,22
9660,22
9661,22
9662,22
9663,22
9664,22
9665,22
9666,22
9667,22
9668,22
9669,22
9670,22
9671,22
9672,22
9673,22
9674,22
9675,22
9676,22
9677,22
9678,22
9679,22
9680,22
9681,22
9682,22
9683,22
9684,22
9685,22
9686,22
9687,22
9688,22
9689,22
9690,22
9691,22
9692,22
9693,22
9694,22
9695,22
9696,22
9697,23
9698,23
9699,23
9700,23
9701,23
9702,23
9703,23
9704,23
9705,23
9706,23
9707,23
9708,23
9709,23
9710,24
9711,24
9712,24
9713,24
9714,24
9715,24
9716,24
9717,24
9718,24
9719,24
9720,24
9721,24
9722,24
9723,24
9724,24
9725,24
9726,24
9727,24
9728,25
9729,25
9730,25
9731,25
9732,19
9733,19
9734,19
9735,19
9736,19
9737,19
9738,18
9739,18
9740,18
9741,18
9742,18
9743,18
9744,18
9745,18
9746,18
9747,18
9748,18
9749,18
9750,18
9751,18
9752,18
9753,18
9754,18
9755,18
9756,18
9757,18
9758,18
9759,18
9760,18
9761,18
9762,18
9763,18
9764,18
9765,18
9766,18
9767,18
9768,18
9769,18
9770,18
9771,18
9772,18
9773,18
9774,18
9775,18
9776,18
9777,18
9778,18
9779,18
9780,19
9781,19
9782,19
9783,19
9784,19
9785,19
9786,19
9787,19
9788,19
9789,19
9790,19
9791,19
9792,19
9793,19
9794,19
9795,19
9796,19
9797,19
9798,19
9799,19
9800,19
9801,19
9802,19
9803,19
9804,19
9805,19
9806,19
9807,19
9808,19
9809,19
9810,19
9811,19
9812,18
9813,18
9814,18
9815,18
9816,18
9817,18
9818,18
9819,18
9820,18
9821,18
9822,19
9823,19
9824,19
9825,19
9826,19
9827,19
9828,19
9829,19
9830,19
9831,19
9832,19
9833,19
9834,19
9835,19
9836,19
9837,19
9838,19
9839,19
9840,20
9841,20
9842,20
9843,20
9844,20
9845,20
9846,20
9847,20
9848,20
9849,20
9850,20
9851,20
9852,20
9853,20
9854,20
9855,20
9856,19
9857,19
9858,19
9859,19
9860,19
9861,19
9862,18
9863,18
9864,18
9865,18
9866,18
9867,18
9868,18
9869,18
9870,18
9871,18
9872,18
9873,18
9874,18
9875,18
9876,18
9877,18
9878,18
9879,18
9880,18
9881,18
9882,18
9883,18
9884,18
9885,18
9886,16
9887,17
9888,17
9889,17
9890,17
9891,17
9892,17
9893,17
9894,17
9895,17
9896,17
9897,17
9898,17
9899,17
9900,17
9901,17
9902,18
9903,18
9904,18
9905,18
9906,18
9907,18
9908,18
9909,18
9910,18
9911,17
9912,17
9913,17
9914,17
9915,17
9916,17
9917,17
9918,17
9919,17
9920,17
9921,17
9922,17
9923,17
9924,17
9925,17
9926,17
9927,17
9928,17
9929,17
9930,17
9931,17
9932,17
9933,17
9934,17
9935,17
9936,17
9937,17
9938,17
9939,17
9940,17
9941,17
9942,17
9943,17
9944,17
9945,17
9946,17
9947,17
9948,17
9949,17
9950,17
9951,17
9952,17
9953,17
9954,17
9955,17
9956,17
9957,16
9958,16
9959,16
9960,16
9961,16
9962,16
9963,16
9964,16
9965,16
9966,16
9967,16
9968,16
9969,16
9970,15
9971,15
9972,15
9973,15
9974,15
9975,15
9976,15
9977,15
9978,15
9979,14
9980,13
9981,13
9982,13
9983,13
9984,13
9985,13
9986,13
9987,13
9988,13
9989,13
9990,13
9991,13
9992,13
9993,13
9994,12
9995,12
9996,12
9997,12
9998,12
9999,12
10000,12
10001,12
10002,12
10003,12
10004,12
10005,12
10006,12
10007,12
10008,12
10009,11
10010,11
10011,11
10012,11
10013,11
10014,11
10015,11
10016,11
10017,11
10018,11
10019,11
10020,11
10021,11
10022,11
10023,11
10024,11
10025,11
10026,11
10027,11
10028,11
10029,11
10030,11
10031,11
10032,11
10033,11
10034,11
10035,11
10036,11
10037,11
10038,11
10039,11
10040,11
10041,11
10042,11
10043,10
10044,10
10045,10
10046,10
10047,10
10048,10
10049,10
10050,10
10051,10
10052,11
10053,11
10054,11
10055,11
10056,11
10057,11
10058,11
10059,12
10060,12
10061,12
10062,12
10063,12
10064,12
10065,12
10066,12
10067,12
10068,12
10069,12
10070,12
10071,12
10072,12
10073,12
10074,12
10075,12
10076,12
10077,12
10078,12
10079,12
10080,12
10081,13
10082,13
10083,13
10084,13
10085,13
10086,13
10087,12
10088,12
10089,12
10090,12
10091,12
10092,12
10093,12
10094,12
10095,12
10096,12
10097,12
10098,12
10099,12
10100,12
10101,12
10102,12
10103,13
10104,13
10105,13
10106,13
10107,13
10108,13
10109,13
10110,13
10111,13
10112,13
10113,13
10114,13
10115,13
10116,13
10117,13
10118,13
10119,13
10120,13
10121,13
10122,13
10123,13
10124,18
10125,18
10126,18
10127,18
10128,18
10129,18
10130,18
10131,18
10132,18
10133,18
10134,18
10135,18
10136,18
10137,18
10138,18
10139,18
10140,18
10141,18
10142,18
10143,18
10144,19
10145,19
10146,19
10147,19
10148,18
10149,18
10150,18
10151,18
10152,18
10153,18
10154,18
10155,18
10156,18
10157,18
10158,18
10159,18
10160,18
10161,18
10162,18
10163,18
10164,18
10165,18
10166,18
10167,18
10168,18
10169,18
10170,18
10171,18
10172,18
10173,18
10174,18
10175,18
10176,18
10177,18
10178,18
10179,18
10180,18
10181,18
10182,18
10183,18
10184,18
10185,18
10186,18
10187,18
10188,18
10189,18
10190,18
10191,18
10192,18
10193,18
10194,18
10195,18
10196,18
10197,18
10198,18
10199,18
10200,18
10201,18
10202,18
10203,18
10204,18
10205,18
10206,18
10207,18
10208,18
10209,18
10210,18
10211,18
10212,18
10213,18
10214,18
10215,18
10216,18
10217,18
10218,18
10219,18
10220,18
10221,18
10222,18
10223,18
10224,18
10225,18
10226,18
10227,18
10228,18
10229,18
10230,18
10231,18
10232,18
10233,18
10234,18
10235,18
10236,18
10237,18
10238,18
10239,18
10240,18
10241,18
10242,18
10243,18
10244,18
10245,22
10246,22
10247,22
10248,22
10249,22
10250,22
10251,22
10252,22
10253,22
10254,22
10255,22
10256,22
10257,22
10258,22
10259,22
10260,22
10261,22
10262,22
10263,22
10264,22
10265,22
10266,22
10267,22
10268,22
10269,22
10270,22
10271,22
10272,22
10273,22
10274,22
10275,22
10276,22
10277,22
10278,22
10279,22
10280,22
10281,22
10282,22
10283,22
10284,22
10285,22
10286,22
10287,22
10288,22
10289,22
10290,22
10291,22
10292,22
10293,22
10294,22
10295,22
10296,22
10297,22
10298,22
10299,22
10300,22
10301,22
10302,22
10303,22
10304,23
10305,23
10306,23
10307,23
10308,23
10309,23
10310,23
10311,23
10312,23
10313,23
10314,23
10315,23
10316,23
10317,23
10318,23
10319,23
10320,22
10321,22
10322,22
10323,22
10324,22
10325,22
10326,22
10327,22
10328,22
10329,22
10330,22
10331,22
10332,21
10333,21
10334,21
10335,21
10336,21
10337,21
10338,21
10339,21
10340,21
10341,21
10342,21
10343,21
10344,21
10345,21
10346,21
10347,21
10348,21
10349,21
10350,21
10351,21
10352,21
10353,21
10354,21
10355,21
10356,21
10357,21
10358,21
10359,21
10360,21
10361,21
10362,21
10363,21
10364,21
10365,21
10366,21
10367,21
10368,21
10369,21
10370,21
10371,21
10372,22
10373,22
10374,22
10375,22
10376,22
10377,22
10378,22
10379,22
10380,22
10381,22
10382,22
10383,22
10384,22
10385,22
10386,22
10387,22
10388,22
10389,22
10390,22
10391,22
10392,22
10393,22
10394,22
10395,22
10396,22
10397,22
10398,22
10399,22
10400,22
10401,22
10402,22
10403,22
10404,22
10405,22
10406,22
10407,22
10408,22
10409,22
10410,22
10411,22
10412,22
10413,22
10414,22
10415,22
10416,22
10417,22
10418,27
10419,27
10420,27
10421,27
10422,27
10423,27
10424,27
10425,27
10426,27
10427,27
10428,27
10429,27
10430,27
10431,27
10432,27
10433,27
10434,27
10435,27
10436,27
10437,27
10438,27
10439,28
10440,28
10441,28
10442,28
10443,28
10444,28
10445,28
10446,28
10447,28
10448,28
10449,28
10450,26
10451,26
10452,26
10453,26
10454,26
10455,26
10456,26
10457,26
10458,26
10459,26
10460,26
10461,26
10462,26
10463,26
10464,26
10465,26
10466,26
10467,26
10468,26
10469,26
10470,26
10471,26
10472,26
10473,26
10474,26
10475,26
10476,26
10477,26
10478,26
10479,26
10480,26
10481,26
10482,26
10483,26
10484,26
10485,26
10486,26
10487,26
10488,26
10489,26
10490,26
10491,26
10492,26
10493,26
10494,26
10495,26
10496,26
10497,26
10498,26
10499,26
10500,26
10501,26
10502,26
10503,26
10504,26
10505,26
10506,26
10507,26
10508,26
10509,26
10510,26
10511,26
10512,26
10513,26
10514,26
10515,26
10516,26
10517,26
10518,26
10519,26
10520,26
10521,26
10522,26
10523,26
10524,26
10525,26
10526,26
10527,26
10528,26
10529,26
10530,26
10531,26
10532,26
10533,26
10534,26
10535,26
10536,26
10537,26
10538,26
10539,26
10540,26
10541,26
10542,26
10543,26
10544,26
10545,26
10546,26
10547,26
10548,26
10549,26
10550,26
10551,26
10552,26
10553,26
10554,26
10555,26
10556,26
10557,26
10558,26
10559,26
10560,26
10561,26
10562,26
10563,26
10564,26
10565,26
10566,25
10567,26
10568,26
10569,26
10570,26
10571,26
10572,25
10573,25
10574,25
10575,25
10576,25
10577,25
10578,25
10579,25
10580,25
10581,25
10582,26
10583,26
10584,26
10585,26
10586,26
10587,26
10588,26
10589,26
10590,26
10591,26
10592,26
10593,26
10594,26
10595,26
10596,26
10597,26
10598,26
10599,26
10600,26
10601,26
10602,27
10603,27
10604,27
10605,27
10606,27
10607,27
10608,27
10609,27
10610,27
10611,27
10612,27
10613,27
10614,27
10615,27
10616,27
10617,27
10618,27
10619,27
10620,27
10621,27
10622,27
10623,27
10624,27
10625,28
10626,28
10627,28
10628,28
10629,28
10630,28
10631,28
10632,28
10633,29
10634,29
10635,29
10636,29
10637,29
10638,29
10639,29
10640,29
10641,29
10642,29
10643,29
10644,29
10645,29
10646,29
10647,29
10648,29
10649,29
10650,28
10651,26
10652,26
10653,26
10654,26
10655,26
10656,26
10657,26
10658,26
10659,26
10660,26
10661,26
10662,26
10663,26
10664,26
10665,26
10666,26
10667,26
10668,26
10669,26
10670,26
10671,26
10672,26
10673,26
10674,26
10675,26
10676,26
10677,26
10678,26
10679,26
10680,26
10681,26
10682,26
10683,25
10684,24
10685,24
10686,24
10687,24
10688,24
10689,24
10690,24
10691,24
10692,24
10693,24
10694,24
10695,24
10696,24
10697,24
10698,24
10699,24
10700,24
10701,24
10702,24
10703,24
10704,24
10705,24
10706,24
10707,24
10708,24
10709,24
10710,24
10711,24
10712,24
10713,24
10714,24
10715,24
10716,24
10717,24
10718,24
10719,24
10720,24
10721,24
10722,23
10723,23
10724,23
10725,23
10726,23
10727,23
10728,23
10729,23
10730,23
10731,23
10732,23
10733,23
10734,23
10735,23
10736,23
10737,23
10738,23
10739,23
10740,23
10741,23
10742,23
10743,23
10744,23
10745,23
10746,23
10747,23
10748,23
10749,23
10750,23
10751,23
10752,23
10753,23
10754,23
10755,23
10756,23
10757,23
10758,23
10759,23
10760,23
10761,23
10762,23
10763,23
10764,21
10765,21
10766,21
10767,21
10768,21
10769,21
10770,21
10771,21
10772,21
10773,21
10774,21
10775,21
10776,21
10777,21
10778,21
10779,21
10780,21
10781,21
10782,21
10783,21
10784,21
10785,21
10786,21
10787,21
10788,21
10789,21
10790,21
10791,21
10792,21
10793,21
10794,21
10795,21
10796,21
10797,22
10798,22
10799,22
10800,22
10801,22
10802,22
10803,22
10804,22
10805,23
10806,23
10807,23
10808,23
10809,23
10810,24
10811,24
10812,24
10813,24
10814,24
10815,24
10816,24
10817,24
10818,24
10819,24
10820,24
10821,24
10822,24
10823,24
10824,24
10825,25
10826,25
10827,25
10828,25
10829,25
10830,25
10831,25
10832,25
10833,25
10834,25
10835,25
10836,25
10837,25
10838,25
10839,25
10840,25
10841,25
10842,25
10843,25
10844,25
10845,25
10846,24
10847,24
10848,24
10849,24
10850,24
10851,24
10852,24
10853,24
10854,24
10855,25
10856,25
10857,25
10858,25
10859,25
10860,25
10861,25
10862,25
10863,25
10864,25
10865,25
10866,25
10867,25
10868,25
10869,25
10870,25
10871,25
10872,25
10873,25
10874,25
10875,25
10876,26
10877,26
10878,26
10879,27
10880,27
10881,27
10882,27
10883,27
10884,27
10885,27
10886,28
10887,28
10888,28
10889,28
10890,28
10891,28
10892,28
10893,28
10894,28
10895,28
10896,28
10897,28
10898,28
10899,28
10900,28
10901,28
10902,28
10903,28
10904,28
10905,28
10906,28
10907,28
10908,28
10909,28
10910,28
10911,28
10912,28
10913,28
10914,28
10915,28
10916,28
10917,28
10918,28
10919,28
10920,29
10921,29
10922,29
10923,29
10924,29
10925,29
10926,29
10927,29
10928,29
10929,29
10930,29
10931,29
10932,29
10933,29
10934,29
10935,29
10936,29
10937,29
10938,29
10939,29
10940,29
10941,29
10942,29
10943,29
10944,29
10945,29
10946,29
10947,29
10948,29
10949,28
10950,27
10951,27
10952,27
10953,27
10954,27
10955,27
10956,27
10957,27
10958,27
10959,27
10960,27
10961,25
10962,25
10963,25
10964,24
10965,23
10966,23
10967,23
10968,23
10969,23
10970,23
10971,23
10972,23
10973,23
10974,23
10975,23
10976,23
10977,23
10978,23
10979,23
10980,23
10981,24
10982,24
10983,24
10984,24
10985,24
10986,24
10987,24
10988,24
10989,24
10990,24
10991,23
10992,23
10993,23
10994,23
10995,23
10996,23
10997,22
10998,22
10999,22
11000,22
11001,22
11002,22
11003,22
11004,23
11005,23
11006,23
11007,23
11008,23
11009,23
11010,23
11011,23
11012,23
11013,23
11014,23
11015,23
11016,23
11017,23
11018,23
11019,23
11020,23
11021,23
11022,23
11023,23
11024,23
11025,23
11026,23
11027,23
11028,23
11029,23
11030,23
11031,23
11032,23
11033,22
11034,22
11035,22
11036,22
11037,22
11038,22
11039,22
11040,22
11041,22
11042,22
11043,22
11044,22
11045,22
11046,22
11047,22
11048,22
11049,22
11050,22
11051,22
11052,22
11053,23
11054,23
11055,23
11056,23
11057,23
11058,23
11059,23
11060,23
11061,23
11062,23
11063,23
11064,23
11065,22
11066,22
11067,22
11068,22
11069,22
11070,22
11071,22
11072,22
11073,22
11074,22
11075,22
11076,22
11077,22
11078,22
11079,22
11080,22
11081,22
11082,22
11083,22
11084,22
11085,22
11086,22
11087,22
11088,22
11089,22
11090,22
11091,22
11092,22
11093,23
11094,23
11095,23
11096,23
11097,24
11098,24
11099,24
11100,25
11101,25
11102,25
11103,25
11104,25
11105,25
11106,27
11107,27
11108,27
11109,26
11110,25
11111,25
11112,25
11113,26
11114,26
11115,26
11116,26
11117,26
11118,26
11119,26
11120,26
11121,26
11122,26
11123,26
11124,26
11125,26
11126,26
11127,26
11128,26
11129,26
11130,26
11131,26
11132,26
11133,26
11134,26
11135,26
11136,26
11137,26
11138,26
11139,26
11140,26
11141,26
11142,26
11143,26
11144,26
11145,26
11146,26
11147,26
11148,26
11149,26
11150,26
11151,26
11152,26
11153,26
11154,26
11155,26
11156,26
11157,26
11158,26
11159,26
11160,26
11161,26
11162,26
11163,26
11164,26
11165,26
11166,26
11167,26
11168,26
11169,24
11170,23
11171,23
11172,23
11173,23
11174,23
11175,23
11176,23
11177,23
11178,23
11179,23
11180,23
11181,23
11182,23
11183,23
11184,23
11185,23
11186,23
11187,23
11188,23
11189,23
11190,23
11191,23
11192,23
11193,23
11194,23
11195,23
11196,23
11197,23
11198,22
11199,22
11200,22
11201,22
11202,22
11203,22
11204,22
11205,22
11206,22
11207,22
11208,22
11209,22
11210,22
11211,22
11212,22
11213,22
11214,22
11215,22
11216,22
11217,22
11218,22
11219,22
11220,22
11221,22
11222,22
11223,22
11224,22
11225,22
11226,22
11227,20
11228,18
11229,18
11230,18
11231,18
11232,18
11233,18
11234,18
11235,17
11236,17
11237,17
11238,17
11239,17
11240,17
11241,16
11242,16
11243,16
11244,16
11245,16
11246,16
11247,16
11248,16
11249,16
11250,16
11251,16
11252,16
11253,16
11254,16
11255,16
11256,16
11257,16
11258,16
11259,16
11260,16
11261,16
11262,16
11263,16
11264,16
11265,16
11266,16
11267,16
11268,16
11269,16
11270,17
11271,17
11272,17
11273,17
11274,17
11275,17
11276,17
11277,17
11278,17
11279,17
11280,17
11281,17
11282,17
11283,17
11284,17
11285,17
11286,17
11287,17
11288,17
11289,17
11290,17
11291,17
11292,17
11293,17
11294,17
11295,17
11296,17
11297,17
11298,17
11299,17
11300,17
11301,17
11302,17
11303,17
11304,17
11305,17
11306,17
11307,17
11308,17
11309,17
11310,17
11311,17
11312,17
11313,17
11314,17
11315,18
11316,18
11317,18
11318,18
11319,18
11320,18
11321,18
11322,18
11323,18
11324,18
11325,18
11326,18
11327,18
11328,18
11329,18
11330,18
11331,18
11332,18
11333,18
11334,18
11335,17
11336,17
11337,17
11338,17
11339,17
11340,17
11341,17
11342,17
11343,17
11344,17
11345,17
11346,17
11347,17
11348,17
11349,17
11350,17
11351,17
11352,17
11353,17
11354,17
11355,17
11356,17
11357,17
11358,17
11359,17
11360,17
11361,17
11362,17
11363,18
11364,18
11365,18
11366,18
11367,18
11368,18
11369,18
11370,18
11371,18
11372,18
11373,18
11374,18
11375,19
11376,19
11377,20
11378,20
11379,20
11380,20
11381,20
11382,20
11383,20
11384,20
11385,20
11386,20
11387,20
11388,20
11389,20
11390,20
11391,21
11392,21
11393,21
11394,21
11395,21
11396,21
11397,22
11398,22
11399,22
11400,22
11401,22
11402,22
11403,22
11404,22
11405,22
11406,20
11407,20
11408,20
11409,21
11410,21
11411,21
11412,21
11413,21
11414,21
11415,21
11416,21
11417,21
11418,21
11419,21
11420,21
11421,21
11422,21
11423,21
11424,21
11425,21
11426,21
11427,21
11428,21
11429,21
11430,21
11431,21
11432,21
11433,21
11434,21
11435,21
11436,21
11437,21
11438,21
11439,21
11440,21
11441,21
11442,21
11443,21
11444,21
11445,21
11446,21
11447,21
11448,23
11449,23
11450,23
11451,23
11452,23
11453,23
11454,23
11455,23
11456,23
11457,23
11458,23
11459,23
11460,23
11461,23
11462,23
11463,23
11464,22
11465,22
11466,22
11467,22
11468,22
11469,22
11470,22
11471,22
11472,22
11473,22
11474,22
11475,22
11476,22
11477,22
11478,22
11479,22
11480,22
11481,23
11482,23
11483,23
11484,23
11485,23
11486,23
11487,23
11488,23
11489,23
11490,23
11491,23
11492,23
11493,23
11494,23
11495,23
11496,23
11497,23
11498,23
11499,23
11500,23
11501,23
11502,23
11503,23
11504,23
11505,23
11506,23
11507,23
11508,23
11509,23
11510,23
11511,24
11512,24
11513,24
11514,24
11515,24
11516,24
11517,24
11518,24
11519,24
11520,24
11521,24
11522,24
11523,24
11524,24
11525,24
11526,24
11527,24
11528,24
11529,24
11530,24
11531,24
11532,24
11533,24
11534,24
11535,24
11536,24
11537,24
11538,24
11539,24
11540,24
11541,24
11542,24
11543,24
11544,24
11545,24
11546,24
11547,24
11548,24
11549,24
11550,24
11551,24
11552,24
11553,24
11554,24
11555,24
11556,24
11557,24
11558,24
11559,24
11560,24
11561,24
11562,24
11563,24
11564,24
11565,24
11566,24
11567,24
11568,24
11569,24
11570,24
11571,24
11572,24
11573,24
11574,24
11575,25
11576,25
11577,25
11578,25
11579,25
11580,25
11581,25
11582,25
11583,25
11584,25
11585,25
11586,25
11587,25
11588,25
11589,25
11590,25
11591,25
11592,25
11593,24
11594,23
11595,23
11596,23
11597,23
11598,23
11599,23
11600,23
11601,23
11602,23
11603,23
11604,23
11605,23
11606,23
11607,23
11608,23
11609,22
11610,21
11611,21
11612,21
11613,21
11614,21
11615,21
11616,21
11617,21
11618,21
11619,21
11620,21
11621,21
11622,21
11623,21
11624,21
11625,21
11626,22
11627,22
11628,22
11629,22
11630,23
11631,23
11632,23
11633,23
11634,23
11635,23
11636,23
11637,23
11638,23
11639,23
11640,23
11641,23
11642,23
11643,23
11644,23
11645,23
11646,23
11647,23
11648,23
11649,23
11650,22
11651,21
11652,20
11653,20
11654,20
11655,20
11656,20
11657,20
11658,20
11659,21
11660,21
11661,21
11662,21
11663,21
11664,21
11665,21
11666,21
11667,21
11668,21
11669,21
11670,21
11671,21
11672,20
11673,20
11674,20
11675,20
11676,20
11677,20
11678,20
11679,20
11680,20
11681,20
11682,20
11683,20
11684,20
11685,20
11686,20
11687,20
11688,20
11689,20
11690,20
11691,20
11692,20
11693,20
11694,20
11695,20
11696,20
11697,20
11698,20
11699,20
11700,20
11701,20
11702,20
11703,20
11704,20
11705,20
11706,20
11707,20
11708,20
11709,20
11710,20
11711,20
11712,20
11713,20
11714,20
11715,20
11716,20
11717,20
11718,20
11719,20
11720,20
11721,20
11722,20
11723,20
11724,20
11725,20
11726,20
11727,20
11728,20
11729,20
11730,21
11731,22
11732,22
11733,22
11734,22
11735,22
11736,22
11737,22
11738,22
11739,22
11740,22
11741,22
11742,22
11743,22
11744,22
11745,22
11746,22
11747,22
11748,23
11749,23
11750,23
11751,23
11752,23
11753,23
11754,23
11755,23
11756,23
11757,23
11758,23
11759,23
11760,23
11761,22
11762,22
11763,22
11764,22
11765,22
11766,22
11767,22
11768,22
11769,22
11770,22
11771,22
11772,22
11773,22
11774,22
11775,22
11776,22
11777,22
11778,22
11779,22
11780,23
11781,25
11782,25
11783,25
11784,25
11785,25
11786,25
11787,25
11788,25
11789,25
11790,26
11791,26
11792,26
11793,26
11794,26
11795,26
11796,26
11797,26
11798,26
11799,26
11800,26
11801,26
11802,26
11803,26
11804,26
11805,26
11806,26
11807,26
11808,26
11809,26
11810,26
11811,26
11812,26
11813,26
11814,26
11815,26
11816,26
11817,26
11818,26
11819,26
11820,26
11821,26
11822,26
11823,26
11824,26
11825,26
11826,26
11827,25
11828,25
11829,25
11830,25
11831,25
11832,25
11833,25
11834,25
11835,25
11836,25
11837,25
11838,25
11839,25
11840,25
11841,25
11842,25
11843,25
11844,25
11845,25
11846,25
11847,25
11848,25
11849,25
11850,25
11851,25
11852,25
11853,25
11854,25
11855,25
11856,25
11857,25
11858,25
11859,25
11860,25
11861,24
11862,24
11863,24
11864,24
11865,24
11866,24
11867,24
11868,24
11869,24
11870,24
11871,24
11872,24
11873,24
11874,24
11875,24
11876,24
11877,24
11878,24
11879,24
11880,24
11881,24
11882,24
11883,24
11884,24
11885,24
11886,24
11887,24
11888,24
11889,24
11890,24
11891,24
11892,24
11893,24
11894,24
11895,24
11896,24
11897,24
11898,24
11899,24
11900,16
11901,16
11902,16
11903,16
11904,16
11905,16
11906,16
11907,16
11908,16
11909,16
11910,16
11911,16
11912,16
11913,16
11914,16
11915,16
11916,16
11917,17
11918,17
11919,17
11920,17
11921,17
11922,17
11923,17
11924,17
11925,18
11926,18
11927,18
11928,19
11929,19
11930,19
11931,19
11932,19
11933,19
11934,19
11935,19
11936,19
11937,19
11938,19
11939,19
11940,19
11941,19
11942,19
11943,19
11944,19
11945,19
11946,19
11947,19
11948,19
11949,19
11950,19
11951,19
11952,19
11953,19
11954,19
11955,19
11956,19
11957,19
11958,19
11959,19
11960,19
11961,19
11962,19
11963,19
11964,19
11965,19
11966,19
11967,19
11968,18
11969,17
11970,17
11971,17
11972,17
11973,17
11974,17
11975,17
11976,17
11977,17
11978,17
11979,17
11980,17
11981,17
11982,17
11983,17
11984,17
11985,17
11986,16
11987,16
11988,16
11989,16
11990,16
11991,13
11992,13
11993,13
11994,13
11995,13
11996,13
11997,13
11998,13
11999,13
12000,13
12001,13
12002,14
12003,14
12004,14
12005,14
12006,14
12007,14
12008,14
12009,14
12010,14
12011,14
12012,14
12013,14
12014,14
12015,14
12016,14
12017,14
12018,14
12019,14
12020,14
12021,14
12022,14
12023,14
12024,14
12025,14
12026,14
12027,14
12028,14
12029,14
12030,14
12031,14
12032,14
12033,14
12034,14
12035,14
12036,14
12037,14
12038,14
12039,14
12040,14
12041,14
12042,14
12043,14
12044,14
12045,13
12046,13
12047,13
12048,13
12049,13
12050,13
12051,14
12052,14
12053,14
12054,14
12055,14
12056,14
12057,14
12058,14
12059,14
12060,14
12061,14
12062,14
12063,14
12064,14
12065,14
12066,14
12067,14
12068,14
12069,14
12070,14
12071,14
12072,14
12073,14
12074,14
12075,14
12076,14
12077,14
12078,14
12079,14
12080,14
12081,14
12082,14
12083,14
12084,14
12085,14
12086,14
12087,14
12088,14
12089,14
12090,14
12091,14
12092,14
12093,15
12094,15
12095,15
12096,15
12097,15
12098,15
12099,15
12100,15
12101,15
12102,15
12103,15
12104,15
12105,15
12106,15
12107,15
12108,15
12109,15
12110,15
12111,15
12112,15
12113,15
12114,15
12115,15
12116,15
12117,15
12118,15
12119,15
12120,14
12121,14
12122,14
12123,14
12124,14
12125,15
12126,15
12127,15
12128,15
12129,15
12130,15
12131,15
12132,15
12133,15
12134,15
12135,15
12136,15
12137,15
12138,15
12139,15
12140,15
12141,15
12142,15
12143,15
12144,15
12145,15
12146,15
12147,15
12148,15
12149,15
12150,15
12151,15
12152,15
12153,15
12154,15
12155,15
12156,15
12157,15
12158,15
12159,15
12160,15
12161,15
12162,15
12163,15
12164,15
12165,14
12166,14
12167,14
12168,14
12169,14
12170,14
12171,14
12172,14
12173,14
12174,14
12175,14
12176,14
12177,14
12178,14
12179,14
12180,14
12181,14
12182,14
12183,14
12184,14
12185,14
12186,14
12187,14
12188,14
12189,14
12190,14
12191,13
12192,14
12193,14
12194,14
12195,16
12196,16
12197,16
12198,16
12199,14
12200,12
12201,12
12202,12
12203,12
12204,12
12205,12
12206,12
12207,12
12208,12
12209,12
12210,12
12211,12
12212,12
12213,12
12214,12
12215,13
12216,13
12217,13
12218,13
12219,13
12220,13
12221,13
12222,13
12223,13
12224,13
12225,13
12226,13
12227,13
12228,13
12229,13
12230,13
12231,14
12232,14
12233,14
12234,14
12235,14
12236,14
12237,14
12238,14
12239,14
12240,14
12241,14
12242,15
12243,15
12244,15
12245,15
12246,15
12247,15
12248,15
12249,15
12250,15
12251,15
12252,15
12253,15
12254,15
12255,15
12256,15
12257,15
12258,15
12259,15
12260,15
12261,15
12262,15
12263,15
12264,15
12265,15
12266,15
12267,15
12268,15
12269,15
12270,15
12271,15
12272,15
12273,15
12274,15
12275,15
12276,14
12277,14
12278,14
12279,14
12280,14
12281,14
12282,14
12283,14
12284,14
12285,14
12286,14
12287,14
12288,14
12289,14
12290,14
12291,14
12292,14
12293,14
12294,14
12295,14
12296,14
12297,14
12298,14
12299,14
12300,14
12301,14
12302,14
12303,14
12304,14
12305,14
12306,14
12307,14
12308,14
12309,14
12310,14
12311,14
12312,14
12313,14
12314,14
12315,14
12316,14
12317,14
12318,14
12319,14
12320,14
12321,14
12322,14
12323,14
12324,14
12325,14
12326,14
12327,14
12328,14
12329,14
12330,14
12331,14
12332,14
12333,14
12334,14
12335,14
12336,14
12337,14
12338,14
12339,14
12340,14
12341,14
12342,14
12343,15
12344,15
12345,15
12346,15
12347,15
12348,15
12349,15
12350,15
12351,15
12352,15
12353,15
12354,15
12355,15
12356,15
12357,15
12358,15
12359,15
12360,15
12361,15
12362,15
12363,15
12364,15
12365,16
12366,16
12367,16
12368,16
12369,16
12370,16
12371,16
12372,16
12373,16
12374,16
12375,16
12376,16
12377,16
12378,16
12379,16
12380,16
12381,16
12382,16
12383,16
12384,16
12385,16
12386,16
12387,16
12388,16
12389,16
12390,16
12391,16
12392,16
12393,16
12394,16
12395,16
12396,16
12397,16
12398,16
12399,16
12400,16
12401,16
12402,16
12403,16
12404,16
12405,16
12406,16
12407,16
12408,16
12409,16
12410,16
12411,16
12412,16
12413,16
12414,16
12415,16
12416,16
12417,16
12418,16
12419,16
12420,17
12421,17
12422,18
12423,18
12424,18
12425,18
12426,18
12427,18
12428,18
12429,18
12430,18
12431,18
12432,18
12433,18
12434,18
12435,18
12436,18
12437,18
12438,18
12439,18
12440,18
12441,19
12442,19
12443,19
12444,19
12445,19
12446,19
12447,19
12448,19
12449,19
12450,19
12451,19
12452,19
12453,19
12454,19
12455,19
12456,19
12457,19
12458,19
12459,19
12460,19
12461,19
12462,19
12463,19
12464,19
12465,19
12466,19
12467,19
12468,19
12469,19
12470,19
12471,19
12472,21
12473,25
12474,25
12475,25
12476,25
12477,25
12478,25
12479,25
12480,25
12481,26
12482,26
12483,26
12484,25
12485,23
12486,20
12487,20
12488,20
12489,20
12490,20
12491,20
12492,20
12493,20
12494,20
12495,20
12496,20
12497,20
12498,20
12499,20
12500,20
12501,20
12502,20
12503,20
12504,20
12505,20
12506,20
12507,20
12508,20
12509,20
12510,20
12511,20
12512,20
12513,20
12514,20
12515,20
12516,20
12517,20
12518,20
12519,19
12520,19
12521,19
12522,19
12523,19
12524,19
12525,19
12526,19
12527,19
12528,19
12529,19
12530,19
12531,19
12532,19
12533,19
12534,19
12535,19
12536,19
12537,19
12538,19
12539,19
12540,19
12541,19
12542,19
12543,19
12544,19
12545,19
12546,19
12547,19
12548,19
12549,19
12550,19
12551,19
12552,19
12553,19
12554,19
12555,19
12556,19
12557,19
12558,19
12559,19
12560,19
12561,19
12562,19
12563,19
12564,19
12565,19
12566,20
12567,20
12568,20
12569,20
12570,20
12571,20
12572,20
12573,20
12574,20
12575,20
12576,20
12577,20
12578,20
12579,20
12580,20
12581,20
12582,20
12583,20
12584,20
12585,20
12586,20
12587,20
12588,20
12589,20
12590,20
12591,20
12592,20
12593,20
12594,20
12595,20
12596,20
12597,20
12598,20
12599,20
12600,20
12601,20
12602,20
12603,20
12604,20
12605,20
12606,20
12607,20
12608,20
12609,20
12610,20
12611,20
12612,20
12613,19
12614,19
12615,19
12616,19
12617,19
12618,17
12619,17
12620,17
12621,17
12622,17
12623,17
12624,17
12625,17
12626,18
12627,18
12628,18
12629,18
12630,18
12631,18
12632,18
12633,18
12634,18
12635,18
12636,18
12637,18
12638,17
12639,18
12640,18
12641,18
12642,18
12643,17
12644,17
12645,17
12646,17
12647,17
12648,17
12649,17
12650,17
12651,17
12652,17
12653,17
12654,17
12655,17
12656,17
12657,17
12658,17
12659,17
12660,17
12661,17
12662,17
12663,17
12664,17
12665,17
12666,17
12667,17
12668,17
12669,17
12670,17
12671,17
12672,17
12673,17
12674,17
12675,17
12676,17
12677,17
12678,17
12679,16
12680,16
12681,15
12682,15
12683,15
12684,15
12685,15
12686,15
12687,15
12688,15
12689,15
12690,15
12691,15
12692,15
12693,15
12694,15
12695,15
12696,15
12697,15
12698,15
12699,15
12700,15
12701,15
12702,15
12703,15
12704,15
12705,15
12706,15
12707,15
12708,15
12709,15
12710,15
12711,15
12712,15
12713,15
12714,15
12715,15
12716,15
12717,15
12718,15
12719,15
12720,15
12721,15
12722,15
12723,17
12724,17
12725,17
12726,17
12727,17
12728,17
12729,17
12730,17
12731,17
12732,18
12733,18
12734,18
12735,18
12736,18
12737,18
12738,18
12739,18
12740,18
12741,18
12742,18
12743,18
12744,19
12745,19
12746,19
12747,19
12748,19
12749,19
12750,19
12751,19
12752,19
12753,19
12754,19
12755,19
12756,19
12757,19
12758,19
12759,19
12760,19
12761,19
12762,19
12763,19
12764,19
12765,19
12766,19
12767,18
12768,18
12769,18
12770,18
12771,18
12772,18
12773,18
12774,18
12775,18
12776,18
12777,18
12778,18
12779,18
12780,18
12781,18
12782,18
12783,18
12784,18
12785,18
12786,18
12787,18
12788,18
12789,18
12790,18
12791,18
12792,18
12793,18
12794,18
12795,18
12796,18
12797,18
12798,18
12799,18
12800,18
12801,18
12802,18
12803,18
12804,18
12805,18
12806,18
12807,19
12808,19
12809,21
12810,21
12811,21
12812,21
12813,21
12814,21
12815,21
12816,21
12817,21
12818,21
12819,21
12820,21
12821,21
12822,21
12823,21
12824,21
12825,21
12826,21
12827,21
12828,21
12829,21
12830,21
12831,21
12832,21
12833,21
12834,21
12835,21
12836,21
12837,21
12838,21
12839,21
12840,21
12841,21
12842,21
12843,21
12844,22
12845,22
12846,22
12847,22
12848,22
12849,22
12850,22
12851,22
12852,22
12853,22
12854,22
12855,22
12856,22
12857,22
12858,22
12859,22
12860,22
12861,22
12862,22
12863,19
12864,19
12865,19
12866,19
12867,19
12868,19
12869,19
12870,19
12871,19
12872,19
12873,19
12874,19
12875,19
12876,19
12877,19
12878,19
12879,19
12880,19
12881,19
12882,19
12883,19
12884,19
12885,18
12886,18
12887,16
12888,16
12889,15
12890,15
12891,15
12892,15
12893,15
12894,15
12895,15
12896,15
12897,15
12898,15
12899,15
12900,15
12901,15
12902,15
12903,15
12904,15
12905,15
12906,15
12907,15
12908,15
12909,15
12910,15
12911,15
12912,15
12913,15
12914,15
12915,15
12916,15
12917,15
12918,15
12919,15
12920,15
12921,15
12922,15
12923,14
12924,14
12925,14
12926,14
12927,14
12928,14
12929,14
12930,14
12931,14
12932,14
12933,14
12934,14
12935,14
12936,14
12937,14
12938,14
12939,15
12940,15
12941,15
12942,15
12943,15
12944,15
12945,15
12946,15
12947,15
12948,15
12949,15
12950,15
12951,15
12952,15
12953,15
12954,15
12955,15
12956,15
12957,15
12958,14
12959,14
12960,14
12961,14
12962,14
12963,14
12964,14
12965,16
12966,16
12967,16
12968,16
12969,16
12970,16
12971,16
12972,16
12973,16
12974,16
12975,16
12976,16
12977,16
12978,16
12979,16
12980,16
12981,16
12982,16
12983,16
12984,16
12985,16
12986,16
12987,16
12988,16
12989,16
12990,18
12991,18
12992,18
12993,18
12994,18
12995,18
12996,17
12997,16
12998,16
12999,16
13000,16
13001,16
13002,16
13003,16
13004,16
13005,16
13006,16
13007,16
13008,16
13009,16
13010,16
13011,16
13012,16
13013,16
13014,16
13015,16
13016,16
13017,16
13018,16
13019,16
13020,16
13021,16
13022,16
13023,16
13024,16
13025,16
13026,15
13027,15
13028,15
13029,16
13030,16
13031,16
13032,17
13033,17
13034,17
13035,17
13036,17
13037,18
13038,18
13039,18
13040,18
13041,18
13042,19
13043,19
13044,19
13045,19
13046,19
13047,19
13048,19
13049,19
13050,19
13051,19
13052,19
13053,19
13054,19
13055,19
13056,19
13057,19
13058,19
13059,19
13060,19
13061,19
13062,19
13063,19
13064,19
13065,19
13066,19
13067,20
13068,20
13069,20
13070,20
13071,20
13072,20
13073,20
13074,20
13075,20
13076,20
13077,20
13078,20
13079,20
13080,20
13081,20
13082,20
13083,20
13084,20
13085,20
13086,20
13087,20
13088,20
13089,20
13090,20
13091,21
13092,21
13093,21
13094,21
13095,21
13096,21
13097,20
13098,19
13099,20
13100,20
13101,20
13102,20
13103,20
13104,20
13105,20
13106,20
13107,20
13108,20
13109,20
13110,20
13111,20
13112,21
13113,21
13114,21
13115,21
13116,21
13117,21
13118,21
13119,20
13120,20
13121,20
13122,20
13123,20
13124,20
13125,20
13126,20
13127,20
13128,20
13129,20
13130,20
13131,20
13132,20
13133,20
13134,20
13135,20
13136,20
13137,20
13138,20
13139,20
13140,20
13141,20
13142,21
13143,21
13144,21
13145,21
13146,21
13147,21
13148,21
13149,21
13150,21
13151,21
13152,22
13153,22
13154,22
13155,22
13156,22
13157,22
13158,22
13159,22
13160,22
13161,22
13162,22
13163,22
13164,22
13165,22
13166,22
13167,22
13168,22
13169,22
13170,22
13171,22
13172,23
13173,25
13174,25
13175,25
13176,25
13177,25
13178,25
13179,25
13180,25
13181,25
13182,25
13183,25
13184,25
13185,25
13186,25
13187,25
13188,25
13189,25
13190,25
13191,25
13192,25
13193,25
13194,25
13195,25
13196,25
13197,25
13198,25
13199,25
13200,25
13201,25
13202,25
13203,25
13204,25
13205,25
13206,25
13207,25
13208,25
13209,25
13210,25
13211,25
13212,25
13213,25
13214,25
13215,25
13216,25
13217,25
13218,25
13219,25
13220,25
13221,25
13222,25
13223,25
13224,25
13225,25
13226,25
13227,25
13228,26
13229,26
13230,26
13231,25
13232,25
13233,25
13234,25
13235,25
13236,25
13237,25
13238,26
13239,26
13240,26
13241,26
13242,26
13243,26
13244,26
13245,26
13246,24
13247,24
13248,24
13249,24
13250,24
13251,24
13252,24
13253,24
13254,24
13255,24
13256,24
13257,24
13258,24
13259,24
13260,23
13261,23
13262,23
13263,23
13264,23
13265,23
13266,23
13267,23
13268,23
13269,23
13270,23
13271,22
13272,21
13273,21
13274,21
13275,21
13276,21
13277,21
13278,21
13279,21
13280,21
13281,21
13282,21
13283,21
13284,21
13285,21
13286,21
13287,21
13288,21
13289,21
13290,21
13291,21
13292,21
13293,21
13294,21
13295,21
13296,21
13297,21
13298,21
13299,21
13300,21
13301,21
13302,21
13303,21
13304,21
13305,21
13306,21
13307,21
13308,21
13309,21
13310,21
13311,21
13312,21
13313,18
13314,18
13315,18
13316,18
13317,18
13318,18
13319,18
13320,18
13321,18
13322,18
13323,18
13324,18
13325,18
13326,18
13327,18
13328,18
13329,18
13330,18
13331,18
13332,18
13333,20
13334,20
13335,20
13336,20
13337,20
13338,20
13339,20
13340,20
13341,20
13342,20
13343,20
13344,20
13345,20
13346,20
13347,20
13348,20
13349,20
13350,20
13351,20
13352,20
13353,20
13354,20
13355,20
13356,20
13357,20
13358,20
13359,20
13360,20
13361,20
13362,20
13363,20
13364,20
13365,20
13366,20
13367,20
13368,20
13369,20
13370,20
13371,20
13372,20
13373,20
13374,20
13375,21
13376,21
13377,21
13378,21
13379,21
13380,21
13381,21
13382,21
13383,22
13384,22
13385,22
13386,22
13387,22
13388,22
13389,22
13390,22
13391,22
13392,22
13393,22
13394,22
13395,22
13396,22
13397,22
13398,22
13399,22
13400,22
13401,22
13402,22
13403,22
13404,22
13405,22
13406,22
13407,22
13408,22
13409,22
13410,22
13411,22
13412,22
13413,19
13414,19
13415,21
13416,21
13417,21
13418,21
13419,21
13420,21
13421,21
13422,22
13423,23
13424,23
13425,23
13426,23
13427,23
13428,23
13429,23
13430,23
13431,23
13432,23
13433,23
13434,23
13435,24
13436,24
13437,24
13438,24
13439,24
13440,24
13441,24
13442,24
13443,24
13444,24
13445,24
13446,24
13447,24
13448,24
13449,24
13450,24
13451,24
13452,24
13453,24
13454,24
13455,24
13456,24
13457,24
13458,24
13459,25
13460,25
13461,25
13462,25
13463,25
13464,25
13465,25
13466,25
13467,25
13468,25
13469,25
13470,25
13471,25
13472,25
13473,25
13474,25
13475,25
13476,25
13477,25
13478,25
13479,25
13480,25
13481,25
13482,25
13483,25
13484,25
13485,25
13486,25
13487,25
13488,25
13489,24
13490,24
13491,24
13492,24
13493,24
13494,24
13495,23
13496,21
13497,21
13498,21
13499,21
13500,21
13501,21
13502,21
13503,21
13504,21
13505,21
13506,21
13507,21
13508,21
13509,21
13510,21
13511,21
13512,21
13513,21
13514,21
13515,21
13516,21
13517,20
13518,20
13519,20
13520,20
13521,20
13522,20
13523,20
13524,20
13525,20
13526,20
13527,20
13528,22
13529,22
13530,22
13531,22
13532,22
13533,22
13534,22
13535,22
13536,22
13537,22
13538,22
13539,22
13540,22
13541,22
13542,22
13543,22
13544,22
13545,22
13546,22
13547,22
13548,22
13549,22
13550,22
13551,22
13552,22
13553,22
13554,22
13555,22
13556,22
13557,22
13558,22
13559,22
13560,22
13561,22
13562,22
13563,22
13564,22
13565,22
13566,22
13567,22
13568,22
13569,22
13570,22
13571,23
13572,23
13573,23
13574,23
13575,22
13576,22
13577,22
13578,23
13579,23
13580,23
13581,23
13582,23
13583,23
13584,23
13585,23
13586,23
13587,23
13588,23
13589,23
13590,23
13591,23
13592,23
13593,23
13594,24
13595,24
13596,24
13597,24
13598,24
13599,24
13600,24
13601,24
13602,24
13603,24
13604,24
13605,25
13606,26
13607,26
13608,26
13609,26
13610,26
13611,26
13612,26
13613,26
13614,26
13615,26
13616,26
13617,26
13618,26
13619,26
13620,26
13621,26
13622,26
13623,26
13624,26
13625,26
13626,26
13627,26
13628,26
13629,26
13630,26
13631,26
13632,26
13633,26
13634,26
13635,26
13636,26
13637,26
13638,26
13639,26
13640,26
13641,26
13642,26
13643,26
13644,26
13645,26
13646,26
13647,26
13648,26
13649,26
13650,26
13651,26
13652,26
13653,26
13654,26
13655,26
13656,26
13657,26
13658,26
13659,26
13660,25
13661,23
13662,24
13663,24
13664,24
13665,24
13666,24
13667,24
13668,24
13669,24
13670,24
13671,24
13672,24
13673,24
13674,24
13675,24
13676,24
13677,24
13678,25
13679,25
13680,25
13681,25
13682,25
13683,25
13684,25
13685,25
13686,25
13687,25
13688,25
13689,25
13690,25
13691,25
13692,24
13693,24
13694,24
13695,24
13696,24
13697,24
13698,24
13699,24
13700,24
13701,24
13702,24
13703,24
13704,24
13705,24
13706,24
13707,24
13708,24
13709,24
13710,24
13711,25
13712,25
13713,25
13714,25
13715,25
13716,25
13717,25
13718,25
13719,25
13720,25
13721,25
13722,25
13723,25
13724,25
13725,25
13726,26
13727,26
13728,26
13729,26
13730,26
13731,26
13732,26
13733,26
13734,26
13735,26
13736,26
13737,26
13738,26
13739,26
13740,26
13741,24
13742,24
13743,24
13744,24
13745,24
13746,24
13747,25
13748,25
13749,25
13750,25
13751,25
13752,25
13753,25
13754,25
13755,25
13756,25
13757,25
13758,25
13759,25
13760,25
13761,25
13762,29
13763,30
13764,30
13765,30
13766,30
13767,30
13768,30
13769,30
13770,30
13771,30
13772,30
13773,30
13774,30
13775,30
13776,30
13777,30
13778,30
13779,30
13780,31
13781,31
13782,31
13783,31
13784,31
13785,31
13786,31
13787,31
13788,31
13789,31
13790,31
13791,31
13792,31
13793,31
13794,32
13795,32
13796,32
13797,32
13798,32
13799,32
13800,32
13801,32
13802,32
13803,32
13804,32
13805,32
13806,32
13807,32
13808,32
13809,32
13810,32
13811,32
13812,32
13813,35
13814,35
13815,36
13816,36
13817,36
13818,36
13819,37
13820,39
13821,39
13822,39
13823,39
13824,39
13825,39
13826,39
13827,38
13828,38
13829,38
13830,38
13831,38
13832,39
13833,39
13834,39
13835,39
13836,39
13837,39
13838,39
13839,39
13840,39
13841,39
13842,39
13843,39
13844,39
13845,39
13846,39
13847,39
13848,39
13849,39
13850,39
13851,39
13852,39
13853,39
13854,39
13855,39
13856,39
13857,39
13858,39
13859,39
13860,39
13861,39
13862,39
13863,39
13864,39
13865,39
13866,39
13867,39
13868,39
13869,39
13870,39
13871,39
13872,39
13873,39
13874,39
13875,39
13876,37
13877,35
13878,35
13879,35
13880,35
13881,33
13882,33
13883,33
13884,33
13885,33
13886,33
13887,33
13888,33
13889,33
13890,33
13891,33
13892,33
13893,33
13894,33
13895,33
13896,34
13897,34
13898,34
13899,34
13900,34
13901,34
13902,34
13903,35
13904,35
13905,35
13906,35
13907,36
13908,36
13909,36
13910,36
13911,35
13912,34
13913,34
13914,34
13915,34
13916,34
13917,34
13918,34
13919,34
13920,34
13921,34
13922,34
13923,34
13924,34
13925,34
13926,34
13927,34
13928,34
13929,34
13930,34
13931,34
13932,34
13933,34
13934,34
13935,34
13936,34
13937,34
13938,34
13939,34
13940,34
13941,34
13942,34
13943,34
13944,34
13945,34
13946,34
13947,33
13948,31
13949,31
13950,31
13951,31
13952,31
13953,31
13954,31
13955,31
13956,31
13957,31
13958,31
13959,31
13960,31
13961,31
13962,31
13963,31
13964,31
13965,31
13966,31
13967,31
13968,31
13969,31
13970,31
13971,31
13972,31
13973,31
13974,31
13975,31
13976,32
13977,32
13978,32
13979,32
13980,33
13981,33
13982,33
13983,33
13984,33
13985,33
13986,33
13987,33
13988,33
13989,33
13990,33
13991,33
13992,33
13993,33
13994,33
13995,33
13996,33
13997,33
13998,33
13999,33
14000,32
14001,29
14002,29
14003,29
14004,29
14005,29
14006,29
14007,24
14008,24
14009,24
14010,24
14011,25
14012,25
14013,25
14014,25
14015,28
14016,28
14017,28
14018,28
14019,28
14020,28
14021,28
14022,28
14023,28
14024,28
14025,28
14026,28
14027,28
14028,28
14029,28
14030,28
14031,28
14032,28
14033,28
14034,28
14035,28
14036,28
14037,28
14038,28
14039,28
14040,28
14041,28
14042,28
14043,28
14044,28
14045,28
14046,28
14047,28
14048,28
14049,28
14050,28
14051,28
14052,28
14053,28
14054,28
14055,28
14056,28
14057,28
14058,28
14059,28
14060,28
14061,29
14062,29
14063,29
14064,29
14065,29
14066,29
14067,29
14068,29
14069,30
14070,30
14071,31
14072,31
14073,31
14074,31
14075,31
14076,31
14077,32
14078,32
14079,32
14080,32
14081,32
14082,32
14083,32
14084,32
14085,32
14086,32
14087,32
14088,32
14089,32
14090,32
14091,32
14092,32
14093,32
14094,32
14095,32
14096,32
14097,32
14098,32
14099,32
14100,33
14101,33
14102,33
14103,33
14104,33
14105,33
14106,32
14107,32
14108,36
14109,36
14110,36
14111,36
14112,36
14113,36
14114,36
14115,36
14116,36
14117,36
14118,36
14119,36
14120,38
14121,38
14122,38
14123,38
14124,38
14125,39
14126,39
14127,39
14128,39
14129,39
14130,39
14131,39
14132,39
14133,39
14134,39
14135,39
14136,41
14137,41
14138,41
14139,41
14140,41
14141,41
14142,41
14143,41
14144,41
14145,41
14146,40
14147,39
14148,37
14149,34
14150,32
14151,29
14152,29
14153,29
14154,29
14155,29
14156,29
14157,29
14158,29
14159,29
14160,29
14161,30
14162,31
14163,31
14164,31
14165,31
14166,31
14167,31
14168,32
14169,32
14170,32
14171,32
14172,32
14173,32
14174,33
14175,33
14176,33
14177,33
14178,32
14179,31
14180,29
14181,27
14182,26
14183,25
14184,25
14185,25
14186,26
14187,26
14188,26
14189,26
14190,26
14191,27
14192,27
14193,27
14194,27
14195,27
14196,27
14197,27
14198,27
14199,27
14200,27
14201,27
14202,27
14203,27
14204,27
14205,27
14206,27
14207,27
14208,27
14209,27
14210,27
14211,27
14212,27
14213,27
14214,27
14215,27
14216,27
14217,27
14218,27
14219,27
14220,27
14221,28
14222,28
14223,28
14224,31
14225,31
14226,31
14227,31
14228,31
14229,31
14230,31
14231,32
14232,32
14233,32
14234,32
14235,32
14236,32
14237,32
14238,32
14239,32
14240,32
14241,32
14242,32
14243,32
14244,32
14245,32
14246,33
14247,33
14248,33
14249,33
14250,33
14251,32
14252,32
14253,32
14254,32
14255,32
14256,31
14257,31
14258,31
14259,31
14260,31
14261,31
14262,31
14263,31
14264,31
14265,32
14266,32
14267,32
14268,32
14269,32
14270,32
14271,32
14272,32
14273,32
14274,33
14275,33
14276,33
14277,33
14278,33
14279,33
14280,33
14281,33
14282,33
14283,33
14284,33
14285,34
14286,34
14287,34
14288,34
14289,34
14290,34
14291,34
14292,34
14293,34
14294,34
14295,34
14296,34
14297,34
14298,34
14299,34
14300,34
14301,34
14302,34
14303,34
14304,34
14305,34
14306,35
14307,35
14308,35
14309,35
14310,35
14311,35
14312,35
14313,35
14314,35
14315,35
14316,35
14317,35
14318,35
14319,36
14320,36
14321,37
14322,37
14323,37
14324,37
14325,37
14326,37
14327,37
14328,37
14329,37
14330,37
14331,33
14332,33
14333,33
14334,33
14335,33
14336,33
14337,33
14338,33
14339,33
14340,33
14341,33
14342,33
14343,33
14344,33
14345,33
14346,33
14347,33
14348,33
14349,33
14350,33
14351,33
14352,33
14353,33
14354,33
14355,33
14356,33
14357,33
14358,34
14359,35
14360,35
14361,35
14362,35
14363,35
14364,35
14365,35
14366,35
14367,35
14368,35
14369,35
14370,35
14371,35
14372,35
14373,35
14374,35
14375,35
14376,35
14377,35
14378,33
14379,32
14380,32
14381,32
14382,32
14383,32
14384,32
14385,32
14386,32
14387,32
14388,34
14389,34
14390,34
14391,34
14392,34
14393,34
14394,34
14395,34
14396,34
14397,34
14398,34
14399,34
14400,34
14401,34
14402,35
14403,35
14404,35
14405,35
14406,35
14407,35
14408,35
14409,35
14410,35
14411,35
14412,36
14413,34
14414,34
14415,34
14416,34
14417,34
14418,34
14419,33
14420,33
14421,33
14422,32
14423,32
14424,32
14425,32
14426,32
14427,32
14428,32
14429,32
14430,32
14431,32
14432,31
14433,33
14434,33
14435,33
14436,33
14437,33
14438,35
14439,35
14440,35
14441,35
14442,35
14443,35
14444,35
14445,36
14446,36
14447,36
14448,36
14449,36
14450,37
14451,37
14452,37
14453,37
14454,37
14455,37
14456,37
14457,37
14458,37
14459,37
14460,37
14461,37
14462,37
14463,37
14464,37
14465,39
14466,39
14467,39
14468,39
14469,39
14470,39
14471,39
14472,39
14473,39
14474,39
14475,39
14476,39
14477,39
14478,39
14479,39
14480,39
14481,39
14482,39
14483,39
14484,39
14485,39
14486,39
14487,39
14488,39
14489,39
14490,39
14491,39
14492,39
14493,39
14494,39
14495,40
14496,40
14497,40
14498,40
14499,40
14500,40
14501,40
14502,40
14503,40
14504,40
14505,40
14506,40
14507,40
14508,40
14509,40
14510,40
14511,40
14512,40
14513,40
14514,40
14515,40
14516,42
14517,42
14518,42
14519,42
14520,42
14521,42
14522,42
14523,42
14524,42
14525,42
14526,42
14527,42
14528,42
14529,42
14530,42
14531,42
14532,42
14533,43
14534,45
14535,45
14536,45
14537,45
14538,44
14539,44
14540,44
14541,44
14542,44
14543,44
14544,44
14545,44
14546,44
14547,44
14548,44
14549,44
14550,44
14551,44
14552,44
14553,44
14554,44
14555,44
14556,44
14557,45
14558,45
14559,45
14560,45
14561,46
14562,46
14563,46
14564,46
14565,46
14566,46
14567,46
14568,46
14569,46
14570,46
14571,46
14572,46
14573,46
14574,46
14575,46
14576,46
14577,46
14578,46
14579,46
14580,46
14581,46
14582,46
14583,46
14584,46
14585,46
14586,46
14587,46
14588,46
14589,46
14590,46
14591,46
14592,46
14593,46
14594,46
14595,46
14596,46
14597,46
14598,46
14599,46
14600,46
14601,46
14602,46
14603,46
14604,46
14605,46
14606,46
14607,46
14608,45
14609,44
14610,44
14611,45
14612,45
14613,46
14614,46
14615,46
14616,46
14617,46
14618,46
14619,46
14620,46
14621,46
14622,46
14623,46
14624,46
14625,46
14626,46
14627,46
14628,47
14629,47
14630,47
14631,47
14632,47
14633,47
14634,47
14635,47
14636,47
14637,47
14638,47
14639,47
14640,47
14641,47
14642,46
14643,45
14644,45
14645,45
14646,45
14647,45
14648,45
14649,45
14650,45
14651,45
14652,45
14653,45
14654,45
14655,44
14656,43
14657,43
14658,43
14659,43
14660,43
14661,43
14662,43
14663,43
14664,43
14665,43
14666,43
14667,43
14668,43
14669,43
14670,43
14671,43
14672,43
14673,43
14674,43
14675,43
14676,43
14677,43
14678,43
14679,43
14680,43
14681,43
14682,43
14683,43
14684,43
14685,43
14686,43
14687,43
14688,43
14689,43
14690,45
14691,45
14692,45
14693,44
14694,44
14695,44
14696,44
14697,45
14698,45
14699,45
14700,45
14701,45
14702,46
14703,46
14704,46
14705,46
14706,46
14707,46
14708,46
14709,46
14710,46
14711,46
14712,46
14713,46
14714,46
14715,46
14716,46
14717,46
14718,46
14719,46
14720,46
14721,46
14722,46
14723,46
14724,46
14725,46
14726,47
14727,46
14728,45
14729,45
14730,45
14731,46
14732,46
14733,46
14734,46
14735,46
14736,46
14737,46
14738,46
14739,46
14740,46
14741,46
14742,46
14743,46
14744,46
14745,46
14746,46
14747,46
14748,46
14749,46
14750,46
14751,46
14752,48
14753,48
14754,48
14755,48
14756,48
14757,48
14758,48
14759,48
14760,48
14761,48
14762,48
14763,48
14764,48
14765,48
14766,49
14767,50
14768,50
14769,51
14770,51
14771,51
14772,51
14773,51
14774,51
14775,51
14776,51
14777,51
14778,51
14779,51
14780,51
14781,51
14782,51
14783,51
14784,51
14785,51
14786,50
14787,50
14788,50
14789,50
14790,50
14791,50
14792,50
14793,50
14794,50
14795,51
14796,51
14797,51
14798,51
14799,51
14800,51
14801,51
14802,51
14803,51
14804,51
14805,51
14806,51
14807,51
14808,51
14809,51
14810,52
14811,52
14812,52
14813,52
14814,51
14815,48
14816,48
14817,48
14818,48
14819,48
14820,48
14821,48
14822,48
14823,48
14824,48
14825,48
14826,49
14827,49
14828,49
14829,49
14830,49
14831,49
14832,49
14833,49
14834,49
14835,49
14836,49
14837,49
14838,49
14839,49
14840,49
14841,49
14842,49
14843,49
14844,49
14845,49
14846,49
14847,49
14848,49
14849,50
14850,50
14851,50
14852,50
14853,50
14854,50
14855,50
14856,50
14857,50
14858,50
14859,50
14860,50
14861,50
14862,50
14863,50
14864,50
14865,52
14866,53
14867,53
14868,53
14869,53
14870,53
14871,53
14872,53
14873,53
14874,53
14875,53
14876,53
14877,53
14878,53
14879,53
14880,53
14881,53
14882,53
14883,53
14884,53
14885,53
14886,53
14887,53
14888,53
14889,53
14890,53
14891,53
14892,53
14893,53
14894,53
14895,53
14896,53
14897,53
14898,53
14899,53
14900,53
14901,53
14902,53
14903,54
14904,54
14905,54
14906,54
14907,54
14908,54
14909,54
14910,54
14911,55
14912,56
14913,56
14914,56
14915,57
14916,58
14917,58
14918,59
14919,59
14920,59
14921,59
14922,59
14923,59
14924,59
14925,59
14926,59
14927,59
14928,59
14929,59
14930,59
14931,59
14932,59
14933,59
14934,59
14935,59
14936,59
14937,59
14938,59
14939,59
14940,59
14941,59
14942,59
14943,59
14944,59
14945,59
14946,59
14947,59
14948,59
14949,59
14950,59
14951,59
14952,59
14953,59
14954,60
14955,60
14956,60
14957,60
14958,60
14959,60
14960,59
14961,59
14962,59
14963,59
14964,59
14965,59
14966,59
14967,59
14968,59
14969,59
14970,59
14971,59
14972,59
14973,59
14974,59
14975,59
14976,59
14977,59
14978,59
14979,59
14980,59
14981,58
14982,58
14983,58
14984,58
14985,58
14986,58
14987,58
14988,58
14989,58
14990,58
14991,58
14992,58
14993,58
14994,58
14995,58
14996,57
14997,57
14998,57
14999,57
15000,57
15001,57
15002,57
15003,57
15004,57
15005,57
15006,57
15007,56
15008,56
15009,56
15010,56
15011,56
15012,56
15013,56
15014,56
15015,56
15016,56
15017,56
15018,56
15019,56
15020,56
15021,56
15022,56
15023,56
15024,56
15025,56
15026,56
15027,52
15028,52
15029,52
15030,52
15031,52
15032,52
15033,52
15034,52
15035,51
15036,50
15037,48
15038,47
15039,45
15040,45
15041,45
15042,45
15043,46
15044,46
15045,46
15046,46
15047,46
15048,46
15049,46
15050,46
15051,46
15052,46
15053,46
15054,47
15055,48
15056,48
15057,48
15058,48
15059,48
15060,49
15061,49
15062,49
15063,49
15064,49
15065,49
15066,49
15067,49
15068,49
15069,49
15070,49
15071,49
15072,49
15073,49
15074,49
15075,49
15076,49
15077,49
15078,49
15079,49
15080,49
15081,49
15082,49
15083,49
15084,48
15085,48
15086,48
15087,48
15088,48
15089,48
15090,49
15091,49
15092,49
15093,49
15094,49
15095,49
15096,49
15097,49
15098,49
15099,49
15100,49
15101,49
15102,49
15103,49
15104,49
15105,49
15106,49
15107,49
15108,49
15109,49
15110,49
15111,49
15112,49
15113,49
15114,49
15115,49
15116,49
15117,49
15118,49
15119,49
15120,49
15121,49
15122,49
15123,49
15124,49
15125,49
15126,49
15127,49
15128,49
15129,49
15130,49
15131,49
15132,49
15133,49
15134,49
15135,51
15136,51
15137,51
15138,51
15139,51
15140,51
15141,51
15142,51
15143,51
15144,51
15145,51
15146,51
15147,51
15148,51
15149,51
15150,51
15151,51
15152,51
15153,51
15154,52
15155,52
15156,52
15157,52
15158,52
15159,52
15160,52
15161,52
15162,52
15163,52
15164,52
15165,52
15166,52
15167,52
15168,52
15169,52
15170,52
15171,52
15172,52
15173,53
15174,53
15175,53
15176,53
15177,53
15178,53
15179,53
15180,53
15181,53
15182,53
15183,53
15184,53
15185,53
15186,54
15187,54
15188,54
15189,54
15190,54
15191,54
15192,54
15193,54
15194,54
15195,54
15196,54
15197,54
15198,54
15199,54
15200,54
15201,54
15202,54
15203,54
15204,54
15205,54
15206,54
15207,54
15208,54
15209,54
15210,54
15211,54
15212,54
15213,54
15214,54
15215,54
15216,54
15217,54
15218,54
15219,54
15220,54
15221,54
15222,54
15223,54
15224,55
15225,53
15226,49
15227,49
15228,49
15229,49
15230,50
15231,50
15232,50
15233,50
15234,50
15235,50
15236,50
15237,50
15238,50
15239,50
15240,50
15241,50
15242,50
15243,50
15244,50
15245,50
15246,51
15247,49
15248,48
15249,48
15250,48
15251,48
15252,48
15253,48
15254,48
15255,48
15256,48
15257,48
15258,48
15259,48
15260,48
15261,48
15262,48
15263,48
15264,48
15265,48
15266,48
15267,48
15268,48
15269,48
15270,48
15271,48
15272,48
15273,48
15274,48
15275,48
15276,48
15277,48
15278,48
15279,49
15280,49
15281,49
15282,49
15283,49
15284,49
15285,49
15286,49
15287,49
15288,49
15289,49
15290,48
15291,47
15292,47
15293,47
15294,47
15295,47
15296,47
15297,47
15298,47
15299,47
15300,47
15301,47
15302,47
15303,47
15304,47
15305,47
15306,47
15307,47
15308,48
15309,48
15310,48
15311,48
15312,48
15313,48
15314,48
15315,48
15316,48
15317,48
15318,48
15319,48
15320,48
15321,48
15322,48
15323,48
15324,49
15325,49
15326,49
15327,51
15328,51
15329,51
15330,51
15331,51
15332,51
15333,51
15334,51
15335,51
15336,51
15337,51
15338,51
15339,51
15340,51
15341,51
15342,51
15343,51
15344,51
15345,51
15346,51
15347,51
15348,51
15349,51
15350,51
15351,51
15352,51
15353,51
15354,51
15355,51
15356,51
15357,51
15358,51
15359,51
15360,54
15361,54
15362,54
15363,54
15364,54
15365,54
15366,54
15367,54
15368,54
15369,52
15370,52
15371,52
15372,52
15373,52
15374,52
15375,52
15376,52
15377,52
15378,52
15379,52
15380,52
15381,52
15382,52
15383,52
15384,52
15385,52
15386,52
15387,52
15388,52
15389,52
15390,52
15391,52
15392,52
15393,52
15394,52
15395,52
15396,52
15397,52
15398,52
15399,51
15400,51
15401,51
15402,51
15403,51
15404,51
15405,51
15406,51
15407,51
15408,51
15409,51
15410,51
15411,51
15412,51
15413,51
15414,51
15415,51
15416,51
15417,51
15418,51
15419,51
15420,51
15421,51
15422,51
15423,51
15424,51
15425,51
15426,51
15427,51
15428,51
15429,51
15430,51
15431,51
15432,51
15433,51
15434,51
15435,51
15436,51
15437,51
15438,51
15439,51
15440,51
15441,51
15442,51
15443,50
15444,50
15445,50
15446,50
15447,50
15448,50
15449,50
15450,50
15451,50
15452,50
15453,50
15454,50
15455,50
15456,50
15457,50
15458,50
15459,50
15460,50
15461,50
15462,50
15463,50
15464,50
15465,51
15466,51
15467,51
15468,51
15469,51
15470,51
15471,43
15472,43
15473,43
15474,43
15475,43
15476,43
15477,43
15478,43
15479,43
15480,43
15481,43
15482,43
15483,43
15484,44
15485,44
15486,44
15487,47
15488,47
15489,47
15490,47
15491,47
15492,47
15493,47
15494,47
15495,47
15496,48
15497,48
15498,48
15499,48
15500,48
15501,48
15502,48
15503,48
15504,48
15505,48
15506,48
15507,48
15508,48
15509,48
15510,48
15511,47
15512,46
15513,46
15514,46
15515,46
15516,45
15517,42
15518,42
15519,42
15520,42
15521,42
15522,42
15523,43
15524,43
15525,43
15526,43
15527,43
15528,43
15529,43
15530,43
15531,44
15532,44
15533,44
15534,44
15535,44
15536,44
15537,44
15538,44
15539,44
15540,44
15541,44
15542,44
15543,44
15544,44
15545,44
15546,44
15547,44
15548,44
15549,44
15550,44
15551,44
15552,44
15553,44
15554,44
15555,44
15556,44
15557,44
15558,44
15559,44
15560,44
15561,44
15562,45
15563,45
15564,45
15565,45
15566,45
15567,45
15568,45
15569,45
15570,45
15571,45
15572,45
15573,46
15574,46
15575,47
15576,47
15577,47
15578,47
15579,47
15580,47
15581,47
15582,47
15583,47
15584,47
15585,47
15586,47
15587,47
15588,47
15589,47
15590,47
15591,47
15592,47
15593,47
15594,47
15595,47
15596,47
15597,47
15598,47
15599,48
15600,48
15601,48
15602,48
15603,48
15604,48
15605,48
15606,48
15607,48
15608,48
15609,48
15610,48
15611,48
15612,48
15613,48
15614,48
15615,48
15616,48
15617,48
15618,48
15619,48
15620,48
15621,48
15622,48
15623,48
15624,48
15625,48
15626,49
15627,49
15628,49
15629,49
15630,49
15631,49
15632,50
15633,50
15634,50
15635,50
15636,50
15637,50
15638,50
15639,50
15640,50
15641,50
15642,50
15643,50
15644,50
15645,50
15646,50
15647,50
15648,50
15649,50
15650,50
15651,50
15652,50
15653,50
15654,50
15655,50
15656,50
15657,50
15658,50
15659,50
15660,50
15661,50
15662,50
15663,50
15664,50
15665,50
15666,50
15667,50
15668,50
15669,50
15670,50
15671,50
15672,50
15673,50
15674,50
15675,50
15676,50
15677,50
15678,50
15679,50
15680,50
15681,51
15682,51
15683,51
15684,51
15685,51
15686,51
15687,51
15688,51
15689,51
15690,51
15691,51
15692,51
15693,51
15694,51
15695,51
15696,51
15697,51
15698,51
15699,51
15700,51
15701,51
15702,51
15703,51
15704,51
15705,51
15706,51
15707,51
15708,51
15709,51
15710,51
15711,51
15712,51
15713,51
15714,51
15715,51
15716,51
15717,51
15718,51
15719,51
15720,51
15721,51
15722,51
15723,50
15724,50
15725,50
15726,50
15727,50
15728,50
15729,50
15730,50
15731,50
15732,50
15733,50
15734,50
15735,50
15736,50
15737,50
15738,50
15739,50
15740,50
15741,50
15742,50
15743,50
15744,51
15745,51
15746,51
15747,51
15748,51
15749,51
15750,51
15751,52
15752,52
15753,51
15754,49
15755,49
15756,49
15757,49
15758,49
15759,49
15760,49
15761,49
15762,49
15763,49
15764,49
15765,49
15766,49
15767,49
15768,49
15769,52
15770,52
15771,53
15772,53
15773,53
15774,53
15775,53
15776,53
15777,53
15778,53
15779,53
15780,52
15781,52
15782,51
15783,50
15784,50
15785,49
15786,48
15787,48
15788,48
15789,48
15790,48
15791,48
15792,48
15793,48
15794,48
15795,48
15796,48
15797,48
15798,48
15799,48
15800,48
15801,48
15802,48
15803,48
15804,48
15805,48
15806,48
15807,48
15808,48
15809,48
15810,48
15811,48
15812,48
15813,48
15814,48
15815,48
15816,48
15817,48
15818,48
15819,48
15820,48
15821,48
15822,48
15823,48
15824,48
15825,49
15826,49
15827,49
15828,49
15829,49
15830,49
15831,49
15832,49
15833,49
15834,49
15835,49
15836,49
15837,49
15838,49
15839,49
15840,49
15841,49
15842,49
15843,49
15844,49
15845,51
15846,51
15847,51
15848,51
15849,51
15850,51
15851,51
15852,51
15853,51
15854,51
15855,51
15856,51
15857,51
15858,52
15859,52
15860,52
15861,52
15862,52
15863,52
15864,52
15865,52
15866,52
15867,52
15868,54
15869,54
15870,54
15871,54
15872,54
15873,54
15874,54
15875,54
15876,54
15877,53
15878,51
15879,51
15880,51
15881,51
15882,51
15883,51
15884,51
15885,51
15886,51
15887,51
15888,52
15889,52
15890,52
15891,52
15892,52
15893,52
15894,52
15895,52
15896,52
15897,53
15898,53
15899,53
15900,53
15901,53
15902,53
15903,53
15904,53
15905,53
15906,52
15907,51
15908,51
15909,51
15910,51
15911,51
15912,51
15913,50
15914,39
15915,37
15916,37
15917,37
15918,36
15919,36
15920,36
15921,36
15922,36
15923,36
15924,36
15925,36
15926,36
15927,36
15928,36
15929,36
15930,36
15931,36
15932,36
15933,36
15934,36
15935,36
15936,36
15937,36
15938,36
15939,36
15940,36
15941,36
15942,36
15943,36
15944,36
15945,36
15946,36
15947,36
15948,36
15949,36
15950,35
15951,35
15952,34
15953,34
15954,34
15955,34
15956,34
15957,35
15958,35
15959,35
15960,35
15961,35
15962,35
15963,35
15964,36
15965,35
15966,35
15967,35
15968,35
15969,35
15970,35
15971,35
15972,36
15973,36
15974,36
15975,33
15976,32
15977,32
15978,32
15979,32
15980,32
15981,32
15982,32
15983,32
15984,32
15985,32
15986,32
15987,32
15988,32
15989,32
15990,32
15991,32
15992,32
15993,32
15994,32
15995,32
15996,32
15997,32
15998,32
15999,32
16000,32
16001,33
16002,33
16003,33
16004,33
16005,33
16006,32
16007,30
16008,29
16009,29
16010,29
16011,29
16012,29
16013,29
16014,29
16015,29
16016,29
16017,29
16018,29
16019,29
16020,29
16021,29
16022,29
16023,29
16024,29
16025,29
16026,29
16027,29
16028,29
16029,29
16030,30
16031,30
16032,30
16033,30
16034,30
16035,30
16036,30
16037,30
16038,30
16039,30
16040,30
16041,30
16042,30
16043,30
16044,30
16045,30
16046,30
16047,30
16048,30
16049,30
16050,30
16051,30
16052,30
16053,31
16054,31
16055,31
16056,31
16057,31
16058,31
16059,32
16060,32
16061,32
16062,32
16063,32
16064,32
16065,32
16066,32
16067,32
16068,32
16069,32
16070,32
16071,32
16072,32
16073,32
16074,32
16075,32
16076,32
16077,32
16078,32
16079,32
16080,32
16081,32
16082,32
16083,33
16084,33
16085,33
16086,33
16087,33
16088,33
16089,33
16090,33
16091,33
16092,33
16093,33
16094,33
16095,33
16096,33
16097,33
16098,33
16099,33
16100,33
16101,33
16102,33
16103,33
16104,33
16105,34
16106,34
16107,34
16108,34
16109,34
16110,34
16111,34
16112,34
16113,34
16114,34
16115,34
16116,34
16117,34
16118,34
16119,35
16120,35
16121,35
16122,35
16123,35
16124,35
16125,34
16126,33
16127,31
16128,31
16129,32
16130,32
16131,32
16132,32
16133,32
16134,32
16135,32
16136,32
16137,32
16138,32
16139,32
16140,32
16141,32
16142,32
16143,32
16144,32
16145,32
16146,32
16147,32
16148,33
16149,33
16150,33
16151,33
16152,33
16153,32
16154,30
16155,30
16156,30
16157,30
16158,30
16159,30
16160,30
16161,30
16162,31
16163,31
16164,32
16165,32
16166,32
16167,32
16168,32
16169,32
16170,32
16171,32
16172,32
16173,32
16174,32
16175,32
16176,34
16177,34
16178,34
16179,34
16180,34
16181,34
16182,34
16183,34
16184,34
16185,34
16186,34
16187,34
16188,34
16189,34
16190,34
16191,35
16192,35
16193,35
16194,35
16195,35
16196,35
16197,35
16198,35
16199,35
16200,35
16201,35
16202,35
16203,35
16204,35
16205,35
16206,34
16207,33
16208,32
16209,31
16210,31
16211,31
16212,31
16213,31
16214,31
16215,31
16216,32
16217,32
16218,32
16219,32
16220,32
16221,32
16222,32
16223,32
16224,32
16225,32
16226,33
16227,41
16228,43
16229,43
16230,43
16231,43
16232,43
16233,44
16234,44
16235,44
16236,44
16237,44
16238,44
16239,44
16240,44
16241,44
16242,44
16243,44
16244,44
16245,44
16246,44
16247,44
16248,44
16249,44
16250,44
16251,44
16252,44
16253,44
16254,44
16255,44
16256,44
16257,44
16258,44
16259,45
16260,45
16261,45
16262,45
16263,45
16264,45
16265,45
16266,45
16267,45
16268,49
16269,49
16270,49
16271,49
16272,49
16273,49
16274,49
16275,50
16276,50
16277,50
16278,50
16279,50
16280,50
16281,50
16282,50
16283,50
16284,50
16285,49
16286,49
16287,49
16288,49
16289,49
16290,49
16291,49
16292,49
16293,49
16294,49
16295,49
16296,49
16297,49
16298,49
16299,49
16300,49
16301,49
16302,49
16303,49
16304,49
16305,49
16306,49
16307,49
16308,49
16309,49
16310,51
16311,51
16312,51
16313,51
16314,51
16315,51
16316,51
16317,51
16318,51
16319,51
16320,51
16321,51
16322,51
16323,51
16324,51
16325,51
16326,51
16327,51
16328,52
16329,52
16330,52
16331,52
16332,52
16333,52
16334,52
16335,51
16336,46
16337,46
16338,46
16339,46
16340,46
16341,46
16342,46
16343,46
16344,46
16345,46
16346,45
16347,43
16348,40
16349,39
16350,38
16351,38
16352,38
16353,38
16354,38
16355,38
16356,38
16357,38
16358,38
16359,37
16360,35
16361,35
16362,35
16363,35
16364,35
16365,35
16366,35
16367,35
16368,35
16369,35
16370,35
16371,35
16372,35
16373,35
16374,35
16375,35
16376,35
16377,35
16378,35
16379,35
16380,35
16381,35
16382,35
16383,35
16384,35
16385,35
16386,35
16387,35
16388,35
16389,35
16390,35
16391,35
16392,35
16393,34
16394,34
16395,34
16396,34
16397,34
16398,34
16399,34
16400,34
16401,34
16402,34
16403,34
16404,34
16405,34
16406,34
16407,34
16408,34
16409,34
16410,34
16411,34
16412,34
16413,34
16414,34
16415,34
16416,34
16417,34
16418,34
16419,34
16420,34
16421,34
16422,34
16423,35
16424,35
16425,35
16426,35
16427,36
16428,36
16429,36
16430,36
16431,36
16432,36
16433,35
16434,35
16435,35
16436,35
16437,35
16438,35
16439,35
16440,35
16441,35
16442,35
16443,35
16444,35
16445,35
16446,34
16447,34
16448,34
16449,34
16450,34
16451,34
16452,34
16453,34
16454,35
16455,35
16456,35
16457,35
16458,35
16459,35
16460,35
16461,35
16462,35
16463,35
16464,35
16465,35
16466,36
16467,36
16468,36
16469,36
16470,36
16471,36
16472,36
16473,36
16474,36
16475,36
16476,36
16477,36
16478,36
16479,36
16480,36
16481,36
16482,36
16483,36
16484,36
16485,36
16486,36
16487,36
16488,36
16489,36
16490,36
16491,36
16492,36
16493,36
16494,36
16495,33
16496,34
16497,34
16498,34
16499,34
16500,34
16501,34
16502,34
16503,34
16504,34
16505,34
16506,34
16507,34
16508,34
16509,34
16510,34
16511,34
16512,34
16513,32
16514,32
16515,32
16516,32
16517,32
16518,32
16519,32
16520,32
16521,32
16522,32
16523,32
16524,32
16525,32
16526,32
16527,32
16528,32
16529,32
16530,32
16531,32
16532,32
16533,32
16534,32
16535,32
16536,32
16537,32
16538,32
16539,32
16540,32
16541,32
16542,32
16543,33
16544,33
16545,33
16546,33
16547,33
16548,33
16549,33
16550,33
16551,33
16552,34
16553,34
16554,34
16555,34
16556,34
16557,34
16558,34
16559,34
16560,34
16561,34
16562,34
16563,34
16564,34
16565,34
16566,34
16567,34
16568,34
16569,34
16570,34
16571,35
16572,35
16573,35
16574,35
16575,35
16576,35
16577,36
16578,36
16579,36
16580,36
16581,37
16582,37
16583,37
16584,38
16585,38
16586,38
16587,38
16588,38
16589,38
16590,38
16591,38
16592,38
16593,39
16594,39
16595,39
16596,39
16597,41
16598,42
16599,42
16600,42
16601,42
16602,42
16603,42
16604,42
16605,43
16606,43
16607,43
16608,43
16609,43
16610,43
16611,43
16612,44
16613,45
16614,45
16615,45
16616,45
16617,43
16618,43
16619,43
16620,43
16621,43
16622,43
16623,43
16624,43
16625,43
16626,43
16627,43
16628,43
16629,43
16630,43
16631,43
16632,44
16633,44
16634,44
16635,44
16636,44
16637,44
16638,44
16639,44
16640,44
16641,44
16642,44
16643,44
16644,44
16645,44
16646,44
16647,44
16648,44
16649,44
16650,44
16651,44
16652,44
16653,44
16654,44
16655,44
16656,44
16657,44
16658,45
16659,45
16660,45
16661,45
16662,45
16663,45
16664,45
16665,45
16666,47
16667,48
16668,48
16669,48
16670,48
16671,48
16672,48
16673,48
16674,48
16675,48
16676,48
16677,48
16678,48
16679,48
16680,48
16681,48
16682,49
16683,49
16684,51
16685,51
16686,51
16687,51
16688,51
16689,51
16690,51
16691,51
16692,51
16693,51
16694,51
16695,51
16696,51
16697,51
16698,51
16699,51
16700,51
16701,51
16702,51
16703,51
16704,51
16705,51
16706,51
16707,51
16708,51
16709,51
16710,51
16711,51
16712,51
16713,51
16714,51
16715,51
16716,52
16717,52
16718,52
16719,52
16720,52
16721,52
16722,52
16723,52
16724,52
16725,51
16726,49
16727,46
16728,46
16729,46
16730,46
16731,46
16732,46
16733,46
16734,46
16735,46
16736,46
16737,46
16738,46
16739,46
16740,41
16741,41
16742,41
16743,41
16744,41
16745,41
16746,41
16747,40
16748,39
16749,39
16750,39
16751,39
16752,39
16753,39
16754,39
16755,38
16756,38
16757,38
16758,38
16759,38
16760,38
16761,38
16762,39
16763,38
16764,38
16765,38
16766,38
16767,38
16768,35
16769,35
16770,35
16771,35
16772,35
16773,35
16774,35
16775,35
16776,35
16777,35
16778,35
16779,35
16780,35
16781,35
16782,35
16783,35
16784,35
16785,35
16786,35
16787,35
16788,35
16789,35
16790,35
16791,35
16792,35
16793,35
16794,35
16795,35
16796,35
16797,35
16798,35
16799,35
16800,36
16801,36
16802,36
16803,36
16804,36
16805,36
16806,36
16807,36
16808,36
16809,36
16810,36
16811,36
16812,36
16813,36
16814,36
16815,36
16816,36
16817,36
16818,36
16819,36
16820,36
16821,34
16822,32
16823,32
16824,32
16825,32
16826,32
16827,32
16828,32
16829,32
16830,32
16831,32
16832,32
16833,32
16834,32
16835,32
16836,32
16837,32
16838,32
16839,32
16840,32
16841,32
16842,32
16843,32
16844,32
16845,32
16846,32
16847,32
16848,32
16849,33
16850,33
16851,33
16852,33
16853,33
16854,33
16855,32
16856,31
16857,31
16858,31
16859,31
16860,31
16861,31
16862,30
16863,25
16864,25
16865,24
16866,22
16867,22
16868,20
16869,20
16870,20
16871,20
16872,20
16873,20
16874,20
16875,20
16876,20
16877,20
16878,20
16879,20
16880,20
16881,20
16882,20
16883,20
16884,20
16885,20
16886,20
16887,20
16888,20
16889,20
16890,21
16891,21
16892,21
16893,21
16894,21
16895,21
16896,21
16897,21
16898,21
16899,21
16900,21
16901,21
16902,21
16903,21
16904,21
16905,21
16906,20
16907,19
16908,18
16909,18
16910,18
16911,18
16912,18
16913,18
16914,18
16915,18
16916,18
16917,18
16918,18
16919,22
16920,22
16921,22
16922,22
16923,22
16924,21
16925,21
16926,21
16927,21
16928,21
16929,21
16930,21
16931,21
16932,21
16933,21
16934,21
16935,21
16936,21
16937,21
16938,21
16939,21
16940,21
16941,21
16942,21
16943,21
16944,21
16945,21
16946,21
16947,22
16948,22
16949,22
16950,22
16951,22
16952,22
16953,22
16954,22
16955,22
16956,22
16957,23
16958,23
16959,24
16960,24
16961,24
16962,24
16963,24
16964,24
16965,24
16966,24
16967,24
16968,24
16969,24
16970,24
16971,24
16972,24
16973,24
16974,24
16975,24
16976,24
16977,24
16978,24
16979,23
16980,23
16981,25
16982,25
16983,25
16984,25
16985,25
16986,25
16987,25
16988,25
16989,25
16990,25
16991,25
16992,25
16993,25
16994,25
16995,25
16996,25
16997,26
16998,26
16999,27
17000,27
17001,27
17002,27
17003,27
17004,27
17005,27
17006,27
17007,27
17008,27
17009,27
17010,26
17011,25
17012,25
17013,25
17014,28
17015,28
17016,28
17017,35
17018,35
17019,38
17020,38
17021,38
17022,38
17023,38
17024,38
17025,38
17026,38
17027,39
17028,39
17029,38
17030,35
17031,33
17032,32
17033,32
17034,32
17035,33
17036,35
17037,35
17038,35
17039,35
17040,35
17041,35
17042,33
17043,30
17044,30
17045,30
17046,30
17047,30
17048,30
17049,30
17050,31
17051,31
17052,31
17053,31
17054,31
17055,31
17056,31
17057,31
17058,31
17059,31
17060,31
17061,32
17062,32
17063,32
17064,33
17065,33
17066,33
17067,33
17068,33
17069,33
17070,33
17071,33
17072,33
17073,33
17074,33
17075,33
17076,33
17077,33
17078,33
17079,34
17080,34
17081,34
17082,34
17083,34
17084,34
17085,35
17086,35
17087,36
17088,36
17089,36
17090,36
17091,36
17092,36
17093,36
17094,36
17095,36
17096,36
17097,36
17098,36
17099,36
17100,36
17101,36
17102,36
17103,36
17104,36
17105,36
17106,36
17107,36
17108,36
17109,36
17110,36
17111,36
17112,36
17113,36
17114,36
17115,35
17116,35
17117,35
17118,35
17119,35
17120,35
17121,35
17122,35
17123,35
17124,35
17125,35
17126,35
17127,35
17128,35
17129,35
17130,35
17131,35
17132,35
17133,35
17134,35
17135,35
17136,35
17137,35
17138,35
17139,35
17140,35
17141,35
17142,35
17143,35
17144,35
17145,39
17146,39
17147,39
17148,39
17149,39
17150,39
17151,39
17152,39
17153,39
17154,39
17155,39
17156,39
17157,39
17158,39
17159,39
17160,39
17161,39
17162,39
17163,39
17164,39
17165,39
17166,39
17167,39
17168,39
17169,39
17170,39
17171,39
17172,39
17173,39
17174,39
17175,39
17176,39
17177,39
17178,39
17179,39
17180,39
17181,39
17182,39
17183,39
17184,39
17185,39
17186,39
17187,39
17188,39
17189,39
17190,39
17191,39
17192,39
17193,39
17194,39
17195,39
17196,39
17197,39
17198,39
17199,39
17200,39
17201,39
17202,39
17203,39
17204,39
17205,39
17206,39
17207,39
17208,39
17209,39
17210,39
17211,39
17212,39
17213,39
17214,41
17215,41
17216,41
17217,42
17218,42
17219,42
17220,42
17221,42
17222,42
17223,42
17224,42
17225,42
17226,42
17227,42
17228,42
17229,42
17230,42
17231,42
17232,41
17233,41
17234,41
17235,41
17236,41
17237,41
17238,41
17239,41
17240,39
17241,39
17242,39
17243,39
17244,39
17245,39
17246,39
17247,39
17248,39
17249,39
17250,39
17251,39
17252,42
17253,42
17254,42
17255,42
17256,42
17257,42
17258,42
17259,42
17260,42
17261,43
17262,43
17263,43
17264,43
17265,44
17266,44
17267,44
17268,44
17269,44
17270,44
17271,44
17272,44
17273,44
17274,44
17275,44
17276,44
17277,44
17278,44
17279,44
17280,44
17281,44
17282,44
17283,44
17284,45
17285,46
17286,47
17287,47
17288,47
17289,47
17290,47
17291,47
17292,47
17293,47
17294,47
17295,47
17296,47
17297,47
17298,47
17299,47
17300,47
17301,47
17302,47
17303,47
17304,47
17305,47
17306,47
17307,47
17308,47
17309,47
17310,47
17311,47
17312,47
17313,47
17314,47
17315,49
17316,49
17317,49
17318,49
17319,49
17320,49
17321,49
17322,49
17323,49
17324,49
17325,49
17326,49
17327,49
17328,49
17329,49
17330,49
17331,49
17332,49
17333,49
17334,49
17335,49
17336,49
17337,49
17338,49
17339,49
17340,49
17341,49
17342,49
17343,49
17344,49
17345,50
17346,52
17347,52
17348,52
17349,52
17350,52
17351,52
17352,52
17353,52
17354,52
17355,52
17356,52
17357,52
17358,53
17359,53
17360,53
17361,53
17362,53
17363,53
17364,53
17365,53
17366,50
17367,49
17368,48
17369,48
17370,48
17371,48
17372,48
17373,48
17374,48
17375,48
17376,48
17377,48
17378,48
17379,48
17380,50
17381,50
17382,50
17383,50
17384,51
17385,51
17386,51
17387,51
17388,51
17389,51
17390,51
17391,51
17392,51
17393,51
17394,51
17395,51
17396,51
17397,51
17398,51
17399,51
17400,51
17401,51
17402,50
17403,50
17404,50
17405,50
17406,50
17407,50
17408,48
17409,48
17410,47
17411,45
17412,44
17413,42
17414,40
17415,40
17416,40
17417,40
17418,40
17419,40
17420,40
17421,42
17422,42
17423,42
17424,45
17425,45
17426,45
17427,45
17428,45
17429,45
17430,45
17431,45
17432,45
17433,45
17434,45
17435,45
17436,45
17437,45
17438,45
17439,45
17440,45
17441,46
17442,46
17443,46
17444,46
17445,46
17446,47
17447,47
17448,47
17449,47
17450,47
17451,47
17452,47
17453,47
17454,47
17455,47
17456,47
17457,47
17458,47
17459,47
17460,49
17461,49
17462,49
17463,49
17464,51
17465,51
17466,51
17467,50
17468,48
17469,48
17470,48
17471,48
17472,48
17473,49
17474,49
17475,49
17476,49
17477,49
17478,49
17479,49
17480,50
17481,50
17482,50
17483,50
17484,50
17485,50
17486,50
17487,50
17488,50
17489,50
17490,50
17491,50
17492,50
17493,50
17494,50
17495,50
17496,50
17497,50
17498,50
17499,50
17500,48
17501,46
17502,46
17503,46
17504,46
17505,46
17506,46
17507,46
17508,46
17509,46
17510,46
17511,46
17512,46
17513,46
17514,46
17515,46
17516,47
17517,47
17518,47
17519,47
17520,47
17521,47
17522,47
17523,47
17524,47
17525,47
17526,47
17527,47
17528,47
17529,47
17530,47
17531,47
17532,47
17533,47
17534,47
17535,45
17536,45
17537,45
17538,45
17539,45
17540,45
17541,45
17542,45
17543,45
17544,45
17545,45
17546,45
17547,45
17548,45
17549,45
17550,45
17551,45
17552,45
17553,45
17554,45
17555,45
17556,45
17557,45
17558,45
17559,45
17560,43
17561,40
17562,40
17563,40
17564,40
17565,40
17566,40
17567,40
17568,40
17569,40
17570,40
17571,40
17572,40
17573,40
17574,41
17575,41
17576,41
17577,41
17578,41
17579,41
17580,41
17581,41
17582,41
17583,41
17584,41
17585,41
17586,41
17587,41
17588,41
17589,41
17590,41
17591,41
17592,41
17593,43
17594,43
17595,43
17596,43
17597,43
17598,43
17599,43
17600,43
17601,43
17602,43
17603,43
17604,43
17605,43
17606,43
17607,43
17608,43
17609,43
17610,43
17611,43
17612,44
17613,44
17614,44
17615,44
17616,44
17617,44
17618,44
17619,44
17620,44
17621,44
17622,44
17623,44
17624,44
17625,43
17626,43
17627,43
17628,43
17629,43
17630,43
17631,43
17632,43
17633,43
17634,43
17635,43
17636,43
17637,42
17638,43
17639,44
17640,44
17641,44
17642,44
17643,44
17644,44
17645,44
17646,44
17647,44
17648,44
17649,44
17650,44
17651,44
17652,44
17653,44
17654,44
17655,44
17656,44
17657,44
17658,44
17659,44
17660,44
17661,44
17662,44
17663,44
17664,44
17665,44
17666,44
17667,44
17668,44
17669,44
17670,44
17671,44
17672,44
17673,44
17674,44
17675,44
17676,44
17677,44
17678,44
17679,44
17680,44
17681,44
17682,44
17683,44
17684,44
17685,44
17686,44
17687,44
17688,44
17689,44
17690,44
17691,44
17692,44
17693,44
17694,44
17695,44
17696,44
17697,44
17698,44
17699,44
17700,44
17701,44
17702,44
17703,47
17704,47
17705,47
17706,47
17707,47
17708,47
17709,47
17710,47
17711,47
17712,47
17713,47
17714,47
17715,47
17716,47
17717,47
17718,47
17719,47
17720,47
17721,47
17722,47
17723,47
17724,47
17725,47
17726,47
17727,47
17728,47
17729,47
17730,47
17731,47
17732,45
17733,45
17734,45
17735,45
17736,45
17737,45
17738,45
17739,45
17740,45
17741,45
17742,45
17743,45
17744,45
17745,45
17746,45
17747,45
17748,45
17749,45
17750,45
17751,45
17752,45
17753,45
17754,45
17755,45
17756,45
17757,45
17758,45
17759,45
17760,45
17761,45
17762,45
17763,45
17764,45
17765,45
17766,45
17767,45
17768,45
17769,45
17770,45
17771,45
17772,45
17773,46
17774,46
17775,46
17776,46
17777,46
17778,46
17779,46
17780,46
17781,46
17782,46
17783,46
17784,46
17785,46
17786,45
17787,45
17788,45
17789,45
17790,45
17791,45
17792,45
17793,45
17794,46
17795,49
17796,49
17797,46
17798,46
17799,46
17800,46
17801,46
17802,46
17803,46
17804,46
17805,44
17806,44
17807,44
17808,42
17809,42
17810,42
17811,42
17812,42
17813,42
17814,42
17815,42
17816,42
17817,42
17818,42
17819,42
17820,42
17821,42
17822,44
17823,44
17824,44
17825,44
17826,45
17827,45
17828,45
17829,45
17830,45
17831,45
17832,45
17833,45
17834,45
17835,45
17836,45
17837,45
17838,45
17839,45
17840,46
17841,48
17842,48
17843,48
17844,48
17845,51
17846,51
17847,51
17848,51
17849,51
17850,51
17851,51
17852,52
17853,52
17854,52
17855,52
17856,52
17857,52
17858,52
17859,52
17860,52
17861,52
17862,52
17863,52
17864,52
17865,52
17866,52
17867,54
17868,54
17869,54
17870,54
17871,54
17872,54
17873,54
17874,54
17875,54
17876,54
17877,54
17878,54
17879,54
17880,54
17881,54
17882,54
17883,56
17884,56
17885,56
17886,56
17887,56
17888,56
17889,56
17890,56
17891,56
17892,56
17893,56
17894,56
17895,56
17896,56
17897,56
17898,56
17899,56
17900,56
17901,54
17902,54
17903,54
17904,54
17905,54
17906,54
17907,54
17908,54
17909,54
17910,54
17911,54
17912,54
17913,54
17914,54
17915,54
17916,54
17917,57
17918,57
17919,57
17920,57
17921,57
17922,57
17923,57
17924,57
17925,57
17926,57
17927,57
17928,57
17929,57
17930,58
17931,58
17932,58
17933,58
17934,58
17935,58
17936,57
17937,56
17938,56
17939,56
17940,56
17941,56
17942,56
17943,56
17944,56
17945,56
17946,56
17947,57
17948,57
17949,57
17950,57
17951,58
17952,58
17953,58
17954,58
17955,58
17956,58
17957,58
17958,58
17959,58
17960,58
17961,58
17962,58
17963,58
17964,58
17965,58
17966,58
17967,58
17968,58
17969,59
17970,59
17971,59
17972,59
17973,59
17974,59
17975,59
17976,59
17977,59
17978,59
17979,59
17980,59
17981,59
17982,59
17983,59
17984,59
17985,59
17986,59
17987,59
17988,60
17989,60
17990,60
17991,60
17992,60
17993,59
17994,59
17995,59
17996,59
17997,59
17998,59
17999,59
18000,59
18001,59
18002,59
18003,59
18004,59
18005,59
18006,59
18007,59
18008,59
18009,59
18010,59
18011,59
18012,59
18013,59
18014,58
18015,59
18016,59
18017,59
18018,59
18019,59
18020,59
18021,59
18022,59
18023,59
18024,59
18025,59
18026,59
18027,59
18028,59
18029,59
18030,59
18031,59
18032,59
18033,59
18034,59
18035,59
18036,59
18037,58
18038,58
18039,58
18040,58
18041,58
18042,58
18043,57
18044,57
18045,57
18046,57
18047,57
18048,57
18049,57
18050,57
18051,57
18052,57
18053,57
18054,57
18055,58
18056,58
18057,58
18058,58
18059,58
18060,58
18061,59
18062,59
18063,59
18064,59
18065,59
18066,59
18067,59
18068,59
18069,59
18070,59
18071,59
18072,59
18073,59
18074,59
18075,59
18076,59
18077,60
18078,60
18079,60
18080,61
18081,61
18082,61
18083,61
18084,61
18085,61
18086,61
18087,61
18088,61
18089,61
18090,61
18091,61
18092,61
18093,61
18094,61
18095,61
18096,61
18097,61
18098,61
18099,61
18100,61
18101,61
18102,61
18103,61
18104,61
18105,61
18106,61
18107,61
18108,61
18109,61
18110,61
18111,61
18112,61
18113,61
18114,61
18115,61
18116,61
18117,61
18118,61
18119,61
18120,61
18121,61
18122,61
18123,61
18124,61
18125,61
18126,61
18127,61
18128,61
18129,61
18130,61
18131,61
18132,61
18133,61
18134,61
18135,61
18136,61
18137,61
18138,61
18139,61
18140,61
18141,62
18142,62
18143,62
18144,62
18145,62
18146,62
18147,62
18148,61
18149,59
18150,58
18151,56
18152,53
18153,53
18154,53
18155,53
18156,53
18157,53
18158,53
18159,53
18160,53
18161,53
18162,53
18163,53
18164,53
18165,52
18166,52
18167,52
18168,52
18169,52
18170,52
18171,52
18172,52
18173,52
18174,52
18175,52
18176,52
18177,52
18178,52
18179,52
18180,52
18181,52
18182,52
18183,53
18184,53
18185,53
18186,53
18187,53
18188,53
18189,53
18190,52
18191,52
18192,51
18193,51
18194,51
18195,52
18196,51
18197,49
18198,48
18199,48
18200,48
18201,48
18202,48
18203,48
18204,48
18205,48
18206,48
18207,48
18208,48
18209,48
18210,48
18211,48
18212,48
18213,48
18214,48
18215,48
18216,48
18217,48
18218,48
18219,48
18220,48
18221,48
18222,49
18223,49
18224,49
18225,49
18226,49
18227,49
18228,49
18229,49
18230,49
18231,49
18232,49
18233,49
18234,49
18235,49
18236,49
18237,49
18238,49
18239,49
18240,49
18241,49
18242,49
18243,49
18244,49
18245,49
18246,49
18247,49
18248,49
18249,49
18250,50
18251,46
18252,46
18253,46
18254,46
18255,46
18256,46
18257,46
18258,46
18259,46
18260,46
18261,46
18262,46
18263,46
18264,46
18265,46
18266,46
18267,46
18268,46
18269,46
18270,46
18271,46
18272,46
18273,46
18274,46
18275,46
18276,46
18277,46
18278,46
18279,46
18280,45
18281,44
18282,44
18283,44
18284,44
18285,44
18286,44
18287,44
18288,44
18289,44
18290,44
18291,44
18292,43
18293,43
18294,43
18295,43
18296,43
18297,43
18298,43
18299,43
18300,43
18301,43
18302,45
18303,45
18304,45
18305,45
18306,45
18307,45
18308,45
18309,45
18310,45
18311,45
18312,45
18313,45
18314,45
18315,45
18316,45
18317,45
18318,47
18319,47
18320,47
18321,48
18322,48
18323,48
18324,48
18325,48
18326,48
18327,48
18328,48
18329,48
18330,48
18331,48
18332,48
18333,48
18334,48
18335,48
18336,48
18337,48
18338,45
18339,45
18340,45
18341,45
18342,45
18343,45
18344,45
18345,45
18346,45
18347,45
18348,46
18349,46
18350,46
18351,46
18352,46
18353,46
18354,49
18355,49
18356,49
18357,49
18358,49
18359,51
18360,51
18361,51
18362,51
18363,51
18364,51
18365,51
18366,51
18367,51
18368,51
18369,51
18370,51
18371,51
18372,51
18373,51
18374,51
18375,51
18376,51
18377,51
18378,51
18379,51
18380,51
18381,51
18382,51
18383,51
18384,51
18385,51
18386,51
18387,51
18388,51
18389,51
18390,51
18391,51
18392,51
18393,51
18394,51
18395,51
18396,51
18397,51
18398,51
18399,50
18400,49
18401,47
18402,47
18403,47
18404,47
18405,47
18406,47
18407,47
18408,47
18409,47
18410,47
18411,47
18412,47
18413,47
18414,47
18415,47
18416,47
18417,48
18418,47
18419,44
18420,43
18421,42
18422,42
18423,42
18424,42
18425,42
18426,42
18427,42
18428,42
18429,42
18430,42
18431,42
18432,42
18433,42
18434,42
18435,42
18436,42
18437,42
18438,42
18439,42
18440,42
18441,42
18442,42
18443,42
18444,42
18445,42
18446,42
18447,42
18448,42
18449,42
18450,42
18451,42
18452,42
18453,42
18454,42
18455,42
18456,42
18457,42
18458,42
18459,42
18460,42
18461,42
18462,42
18463,42
18464,42
18465,42
18466,42
18467,42
18468,42
18469,42
18470,42
18471,42
18472,42
18473,42
18474,42
18475,42
18476,42
18477,42
18478,42
18479,42
18480,42
18481,42
18482,42
18483,42
18484,42
18485,42
18486,42
18487,42
18488,42
18489,43
18490,43
18491,43
18492,44
18493,44
18494,44
18495,43
18496,43
18497,43
18498,43
18499,43
18500,43
18501,43
18502,43
18503,40
18504,39
18505,39
18506,39
18507,39
18508,39
18509,39
18510,39
18511,39
18512,39
18513,39
18514,39
18515,39
18516,39
18517,39
18518,39
18519,39
18520,39
18521,39
18522,39
18523,39
18524,39
18525,38
18526,38
18527,38
18528,37
18529,37
18530,37
18531,37
18532,36
18533,36
18534,36
18535,36
18536,36
18537,36
18538,36
18539,36
18540,36
18541,36
18542,36
18543,36
18544,36
18545,36
18546,36
18547,36
18548,36
18549,36
18550,36
18551,36
18552,36
18553,36
18554,36
18555,36
18556,36
18557,36
18558,36
18559,36
18560,36
18561,36
18562,36
18563,36
18564,36
18565,36
18566,36
18567,36
18568,37
18569,37
18570,37
18571,37
18572,37
18573,37
18574,37
18575,37
18576,37
18577,37
18578,37
18579,37
18580,37
18581,37
18582,37
18583,37
18584,37
18585,37
18586,37
18587,37
18588,37
18589,37
18590,37
18591,37
18592,37
18593,37
18594,37
18595,37
18596,37
18597,37
18598,37
18599,37
18600,37
18601,37
18602,37
18603,37
18604,37
18605,37
18606,37
18607,37
18608,37
18609,37
18610,37
18611,37
18612,37
18613,37
18614,37
18615,37
18616,37
18617,37
18618,38
18619,38
18620,38
18621,38
18622,38
18623,38
18624,37
18625,37
18626,37
18627,37
18628,37
18629,37
18630,37
18631,37
18632,37
18633,37
18634,37
18635,37
18636,37
18637,37
18638,36
18639,37
18640,37
18641,37
18642,37
18643,37
18644,37
18645,37
18646,37
18647,37
18648,37
18649,37
18650,37
18651,37
18652,37
18653,37
18654,37
18655,37
18656,37
18657,37
18658,37
18659,37
18660,37
18661,37
18662,38
18663,38
18664,38
18665,38
18666,38
18667,38
18668,38
18669,38
18670,38
18671,39
18672,39
18673,39
18674,39
18675,39
18676,39
18677,39
18678,39
18679,39
18680,39
18681,39
18682,39
18683,39
18684,39
18685,39
18686,39
18687,39
18688,39
18689,39
18690,39
18691,39
18692,39
18693,39
18694,39
18695,39
18696,40
18697,40
18698,40
18699,40
18700,40
18701,40
18702,40
18703,40
18704,40
18705,40
18706,40
18707,39
18708,39
18709,38
18710,38
18711,38
18712,38
18713,39
18714,39
18715,39
18716,39
18717,39
18718,39
18719,39
18720,39
18721,39
18722,39
18723,39
18724,39
18725,39
18726,39
18727,39
18728,39
18729,39
18730,39
18731,39
18732,40
18733,40
18734,40
18735,40
18736,40
18737,40
18738,40
18739,40
18740,40
18741,40
18742,40
18743,40
18744,40
18745,40
18746,40
18747,40
18748,40
18749,40
18750,41
18751,43
18752,43
18753,43
18754,43
18755,43
18756,43
18757,43
18758,43
18759,43
18760,44
18761,44
18762,43
18763,44
18764,44
18765,44
18766,44
18767,44
18768,44
18769,44
18770,44
18771,44
18772,44
18773,44
18774,44
18775,44
18776,44
18777,44
18778,44
18779,44
18780,44
18781,44
18782,44
18783,44
18784,44
18785,44
18786,44
18787,44
18788,44
18789,41
18790,41
18791,41
18792,41
18793,41
18794,41
18795,41
18796,41
18797,42
18798,42
18799,42
18800,42
18801,42
18802,42
18803,42
18804,42
18805,42
18806,42
18807,42
18808,42
18809,42
18810,42
18811,43
18812,43
18813,44
18814,44
18815,44
18816,44
18817,44
18818,44
18819,44
18820,44
18821,44
18822,44
18823,44
18824,44
18825,44
18826,44
18827,44
18828,44
18829,44
18830,44
18831,44
18832,44
18833,44
18834,44
18835,44
18836,44
18837,44
18838,44
18839,44
18840,44
18841,44
18842,44
18843,44
18844,44
18845,44
18846,44
18847,44
18848,43
18849,43
18850,43
18851,43
18852,43
18853,43
18854,43
18855,43
18856,43
18857,43
18858,43
18859,43
18860,43
18861,43
18862,43
18863,43
18864,43
18865,43
18866,43
18867,43
18868,43
18869,43
18870,43
18871,43
18872,43
18873,43
18874,46
18875,46
18876,46
18877,46
18878,46
18879,46
18880,46
18881,46
18882,46
18883,46
18884,46
18885,46
18886,46
18887,46
18888,46
18889,46
18890,46
18891,46
18892,46
18893,46
18894,46
18895,46
18896,46
18897,46
18898,46
18899,46
18900,46
18901,46
18902,46
18903,46
18904,46
18905,46
18906,46
18907,46
18908,46
18909,46
18910,46
18911,46
18912,46
18913,46
18914,46
18915,46
18916,46
18917,47
18918,47
18919,48
18920,48
18921,48
18922,48
18923,48
18924,48
18925,48
18926,48
18927,48
18928,48
18929,48
18930,48
18931,48
18932,48
18933,48
18934,48
18935,48
18936,48
18937,48
18938,48
18939,48
18940,48
18941,48
18942,48
18943,48
18944,48
18945,48
18946,48
18947,48
18948,48
18949,48
18950,48
18951,48
18952,48
18953,48
18954,48
18955,48
18956,48
18957,48
18958,48
18959,48
18960,48
18961,48
18962,48
18963,49
18964,49
18965,49
18966,50
18967,50
18968,50
18969,50
18970,50
18971,50
18972,50
18973,50
18974,50
18975,50
18976,50
18977,50
18978,50
18979,50
18980,50
18981,50
18982,50
18983,50
18984,50
18985,50
18986,50
18987,50
18988,50
18989,50
18990,50
18991,50
18992,50
18993,50
18994,50
18995,47
18996,45
18997,45
18998,45
18999,45
19000,45
19001,45
19002,45
19003,45
19004,45
19005,45
19006,45
19007,45
19008,45
19009,45
19010,45
19011,45
19012,45
19013,45
19014,45
19015,45
19016,45
19017,45
19018,46
19019,46
19020,46
19021,46
19022,46
19023,46
19024,46
19025,46
19026,46
19027,46
19028,46
19029,46
19030,46
19031,46
19032,46
19033,46
19034,46
19035,46
19036,46
19037,46
19038,46
19039,46
19040,46
19041,46
19042,46
19043,46
19044,46
19045,46
19046,46
19047,46
19048,46
19049,46
19050,46
19051,45
19052,45
19053,45
19054,45
19055,46
19056,46
19057,46
19058,46
19059,46
19060,46
19061,46
19062,46
19063,46
19064,46
19065,46
19066,46
19067,46
19068,46
19069,46
19070,46
19071,48
19072,48
19073,48
19074,48
19075,48
19076,48
19077,48
19078,48
19079,47
19080,47
19081,47
19082,47
19083,47
19084,47
19085,47
19086,47
19087,47
19088,47
19089,47
19090,47
19091,46
19092,43
19093,43
19094,43
19095,43
19096,43
19097,43
19098,43
19099,43
19100,43
19101,43
19102,43
19103,42
19104,42
19105,42
19106,42
19107,42
19108,42
19109,43
19110,43
19111,43
19112,43
19113,43
19114,43
19115,43
19116,43
19117,43
19118,43
19119,43
19120,43
19121,43
19122,43
19123,43
19124,43
19125,43
19126,43
19127,45
19128,45
19129,46
19130,46
19131,46
19132,46
19133,46
19134,46
19135,46
19136,46
19137,46
19138,46
19139,46
19140,46
19141,46
19142,46
19143,46
19144,46
19145,46
19146,46
19147,46
19148,46
19149,46
19150,46
19151,45
19152,45
19153,43
19154,42
19155,42
19156,42
19157,42
19158,42
19159,42
19160,42
19161,42
19162,41
19163,41
19164,41
19165,41
19166,41
19167,41
19168,41
19169,41
19170,41
19171,41
19172,41
19173,41
19174,41
19175,41
19176,41
19177,41
19178,41
19179,42
19180,43
19181,43
19182,43
19183,43
19184,43
19185,43
19186,43
19187,43
19188,43
19189,43
19190,43
19191,42
19192,39
19193,39
19194,39
19195,39
19196,39
19197,39
19198,39
19199,39
19200,39
19201,39
19202,39
19203,39
19204,39
19205,39
19206,39
19207,39
19208,39
19209,39
19210,39
19211,39
19212,39
19213,39
19214,39
19215,39
19216,39
19217,39
19218,39
19219,41
19220,41
19221,41
19222,41
19223,41
19224,41
19225,41
19226,42
19227,42
19228,42
19229,42
19230,42
19231,42
19232,42
19233,42
19234,42
19235,42
19236,42
19237,42
19238,42
19239,42
19240,42
19241,42
19242,42
19243,44
19244,44
19245,47
19246,47
19247,47
19248,47
19249,47
19250,47
19251,47
19252,47
19253,47
19254,43
19255,43
19256,43
19257,43
19258,43
19259,43
19260,43
19261,43
19262,43
19263,43
19264,43
19265,43
19266,43
19267,43
19268,41
19269,40
19270,40
19271,40
19272,40
19273,40
19274,40
19275,40
19276,40
19277,40
19278,40
19279,40
19280,40
19281,40
19282,40
19283,40
19284,40
19285,40
19286,40
19287,40
19288,40
19289,40
19290,36
19291,38
19292,38
19293,38
19294,38
19295,39
19296,39
19297,39
19298,39
19299,40
19300,40
19301,40
19302,40
19303,40
19304,40
19305,40
19306,40
19307,40
19308,40
19309,39
19310,39
19311,39
19312,39
19313,40
19314,40
19315,40
19316,40
19317,40
19318,40
19319,40
19320,40
19321,40
19322,40
19323,40
19324,40
19325,40
19326,40
19327,40
19328,40
19329,40
19330,40
19331,40
19332,40
19333,40
19334,40
19335,40
19336,40
19337,40
19338,40
19339,40
19340,40
19341,40
19342,40
19343,40
19344,40
19345,40
19346,40
19347,40
19348,40
19349,40
19350,40
19351,41
19352,41
19353,41
19354,41
19355,41
19356,41
19357,40
19358,40
19359,40
19360,40
19361,40
19362,40
19363,41
19364,41
19365,41
19366,41
19367,41
19368,41
19369,42
19370,42
19371,42
19372,42
19373,42
19374,42
19375,42
19376,42
19377,42
19378,42
19379,42
19380,42
19381,42
19382,43
19383,43
19384,43
19385,43
19386,43
19387,43
19388,43
19389,43
19390,43
19391,43
19392,43
19393,43
19394,43
19395,43
19396,45
19397,45
19398,45
19399,45
19400,45
19401,45
19402,45
19403,45
19404,45
19405,45
19406,45
19407,45
19408,45
19409,45
19410,45
19411,45
19412,45
19413,45
19414,46
19415,46
19416,46
19417,46
19418,46
19419,46
19420,46
19421,46
19422,46
19423,46
19424,46
19425,46
19426,46
19427,46
19428,50
19429,50
19430,50
19431,50
19432,50
19433,50
19434,50
19435,50
19436,50
19437,50
19438,50
19439,50
19440,50
19441,50
19442,50
19443,50
19444,50
19445,50
19446,50
19447,50
19448,50
19449,50
19450,49
19451,49
19452,49
19453,49
19454,49
19455,49
19456,49
19457,49
19458,49
19459,49
19460,49
19461,49
19462,49
19463,49
19464,49
19465,49
19466,49
19467,48
19468,48
19469,48
19470,48
19471,48
19472,48
19473,48
19474,48
19475,48
19476,48
19477,48
19478,48
19479,48
19480,48
19481,48
19482,48
19483,48
19484,48
19485,48
19486,48
19487,48
19488,47
19489,47
19490,47
19491,47
19492,47
19493,47
19494,47
19495,47
19496,48
19497,48
19498,48
19499,48
19500,48
19501,48
19502,48
19503,48
19504,48
19505,48
19506,48
19507,48
19508,48
19509,48
19510,48
19511,48
19512,48
19513,48
19514,48
19515,48
19516,48
19517,48
19518,47
19519,48
19520,48
19521,48
19522,48
19523,48
19524,48
19525,48
19526,48
19527,47
19528,47
19529,47
19530,47
19531,47
19532,47
19533,47
19534,46
19535,44
19536,42
19537,37
19538,37
19539,37
19540,37
19541,37
19542,37
19543,37
19544,37
19545,37
19546,37
19547,37
19548,37
19549,37
19550,37
19551,37
19552,37
19553,37
19554,37
19555,37
19556,37
19557,37
19558,37
19559,38
19560,38
19561,38
19562,38
19563,38
19564,38
19565,38
19566,38
19567,38
19568,39
19569,39
19570,39
19571,39
19572,39
19573,39
19574,37
19575,37
19576,37
19577,37
19578,37
19579,37
19580,37
19581,37
19582,38
19583,38
19584,38
19585,38
19586,38
19587,38
19588,38
19589,38
19590,38
19591,38
19592,38
19593,38
19594,38
19595,38
19596,38
19597,38
19598,38
19599,38
19600,38
19601,38
19602,38
19603,38
19604,38
19605,38
19606,38
19607,38
19608,38
19609,38
19610,38
19611,38
19612,38
19613,38
19614,37
19615,37
19616,37
19617,37
19618,37
19619,37
19620,37
19621,37
19622,37
19623,37
19624,37
19625,37
19626,37
19627,37
19628,37
19629,37
19630,37
19631,37
19632,37
19633,37
19634,37
19635,37
19636,37
19637,37
19638,37
19639,37
19640,37
19641,37
19642,37
19643,37
19644,37
19645,37
19646,37
19647,37
19648,37
19649,37
19650,37
19651,37
19652,37
19653,37
19654,37
19655,37
19656,37
19657,37
19658,37
19659,37
19660,37
19661,37
19662,37
19663,40
19664,40
19665,40
19666,39
19667,39
19668,39
19669,39
19670,39
19671,39
19672,39
19673,39
19674,39
19675,39
19676,39
19677,39
19678,39
19679,39
19680,39
19681,39
19682,39
19683,39
19684,39
19685,39
19686,39
19687,39
19688,39
19689,39
19690,39
19691,39
19692,39
19693,39
19694,39
19695,39
19696,39
19697,40
19698,44
19699,44
19700,44
19701,44
19702,44
19703,44
19704,44
19705,44
19706,44
19707,44
19708,44
19709,44
19710,44
19711,44
19712,44
19713,44
19714,44
19715,44
19716,44
19717,44
19718,44
19719,44
19720,44
19721,44
19722,44
19723,44
19724,43
19725,41
19726,41
19727,41
19728,41
19729,41
19730,41
19731,41
19732,41
19733,40
19734,40
19735,40
19736,40
19737,40
19738,40
19739,40
19740,40
19741,40
19742,41
19743,41
19744,42
19745,43
19746,43
19747,43
19748,43
19749,43
19750,43
19751,43
19752,43
19753,43
19754,43
19755,43
19756,43
19757,43
19758,44
19759,44
19760,44
19761,44
19762,44
19763,44
19764,44
19765,44
19766,44
19767,44
19768,44
19769,44
19770,44
19771,44
19772,44
19773,45
19774,45
19775,45
19776,45
19777,44
19778,44
19779,44
19780,44
19781,44
19782,44
19783,44
19784,44
19785,44
19786,44
19787,44
19788,47
19789,47
19790,47
19791,47
19792,47
19793,47
19794,47
19795,47
19796,47
19797,47
19798,47
19799,48
19800,46
19801,46
19802,46
19803,46
19804,46
19805,46
19806,46
19807,46
19808,46
19809,46
19810,46
19811,46
19812,46
19813,46
19814,46
19815,46
19816,46
19817,46
19818,46
19819,46
19820,48
19821,48
19822,48
19823,48
19824,48
19825,48
19826,48
19827,48
19828,48
19829,48
19830,48
19831,48
19832,48
19833,48
19834,48
19835,48
19836,48
19837,48
19838,48
19839,48
19840,48
19841,48
19842,48
19843,48
19844,48
19845,48
19846,48
19847,46
19848,46
19849,46
19850,46
19851,46
19852,46
19853,46
19854,46
19855,46
19856,46
19857,46
19858,46
19859,46
19860,46
19861,46
19862,47
19863,47
19864,47
19865,47
19866,47
19867,47
19868,47
19869,47
19870,47
19871,47
19872,47
19873,47
19874,47
19875,47
19876,46
19877,45
19878,45
19879,45
19880,45
19881,45
19882,45
19883,45
19884,44
19885,44
19886,44
19887,44
19888,44
19889,44
19890,44
19891,44
19892,44
19893,44
19894,44
19895,44
19896,44
19897,44
19898,44
19899,44
19900,44
19901,44
19902,44
19903,44
19904,44
19905,44
19906,44
19907,44
19908,44
19909,44
19910,44
19911,44
19912,44
19913,44
19914,44
19915,44
19916,44
19917,44
19918,44
19919,44
19920,44
19921,44
19922,44
19923,44
19924,44
19925,44
19926,44
19927,44
19928,44
19929,44
19930,44
19931,44
19932,45
19933,45
19934,45
19935,45
19936,45
19937,45
19938,45
19939,45
19940,44
19941,41
19942,41
19943,41
19944,41
19945,41
19946,42
19947,42
19948,42
19949,42
19950,42
19951,42
19952,43
19953,43
19954,46
19955,46
19956,46
19957,46
19958,46
19959,46
19960,46
19961,46
19962,46
19963,46
19964,46
19965,46
19966,46
19967,46
19968,46
19969,46
19970,48
19971,48
19972,48
19973,48
19974,48
19975,49
19976,49
19977,49
19978,49
19979,49
19980,50
19981,50
19982,50
19983,50
19984,50
19985,50
19986,50
19987,50
19988,51
19989,51
19990,51
19991,51
19992,51
19993,51
19994,51
19995,51
19996,51
19997,52
19998,52
19999,52
20000,52
